0.02497294400006922
0.0006316459999879953
0.0005671339999935299
0.0006382450000046447
0.00047073200005343097
0.0006464069999765343
0.0004643109999733497
0.000700671999993574
0.0004820760000256996
0.0006184740000207967
0.0004111509999802365
0.000658262999991166
0.000505857999996806
0.0006385309999359379
0.0005139230000850148
0.0006284489999188736
0.0004895690000239483
0.0006709849999424478
0.0006341860000702582
0.0006588249999595064
0.00047929700008353393
0.000656928000012158
0.00044308200006071274
0.0006440170000132639
0.0005355030000373517
0.0006301060000168945
0.0006064919999744234
0.0007013009999354836
0.000497822000056658
0.0006472310000162906
0.0004465699998945638
0.0006829600000628488
0.0004933000000164611
0.0006242309999606732
0.0005406779999930222
0.0006520279999904233
0.0005085210000288498
0.000616193000041676
0.0005958059999784382
0.0006887770000503224
0.0019336369999791714
0.0006530020000354853
0.000494154000080016
0.0006779970000252433
0.0005464219999566922
0.0006282440000404677
0.00044273799994698493
0.0006589960000837891
0.0005041090000759141
0.0006341499999962252
0.00043186100003822503
0.000613869999938288
0.0005454150000332447
0.000660672999970302
0.0005165080000324451
0.0006325089999563716
0.0005061609999756911
0.0006483249999291729
0.0005357519999051874
0.0006361289999858855
0.0005214530000330342
0.000650821000022006
0.0006195400000024165
0.00064623200000824
0.0004700020000427685
0.0006589500000018234
0.000524048999977822
0.0006770569999616782
0.0005883929999299653
0.0007004020000067612
0.0005715549999649738
0.0006829259999676651
0.0005667610000728018
0.0006680900000901602
0.0004872770000474702
0.0006827019999491313
0.0004891720000159694
0.0006760120000990355
0.0005586199999925157
0.0006904770000346616
0.0004432150000184265
0.0006972920000407612
0.00047783800005163357
0.0006670410000424454
0.0004938690000244605
0.0006887639999604289
0.0006215619999920818
0.0006734849999929793
0.0005017560000624144
0.0006862610000553104
0.0006475510000427676
0.000669112999958088
0.0005141190000585993
0.0006386489999385958
0.0005223279999881925
0.0006278050000219082
0.0004899320000504304
0.0006152760000759372
0.0004988509999748203
0.0006521899999825109
0.00047564200008309854
0.0006482950000190613
0.0005063520000021526
0.0006686829999580368
0.0005882350000092629
0.0006349530000306913
0.0004829599999993661
0.0006378829999675872
0.000511616000039794
0.0006386979999888354
0.0005103630001030979
0.0006457680000266919
0.0004582620000519455
0.0006584509999356669
0.0004757450000170138
0.0006468589999713004
0.00044040300008418853
0.0006430639999734922
0.0006011520000583914
0.0006487450000349781
0.000581112999952893
0.0006368099999463084
0.0005475510000678696
0.0006304959999852144
0.00045384999998532294
0.0006530809999958365
0.00046840000004522153
0.0006365159999859316
0.0004428109998571017
0.0006598350000786013
0.0006237200000214216
0.0006807620000017778
0.0005637780000142811
0.0006316300000435149
0.0005196699999032717
0.0006515949999084114
0.0004952659999162279
0.0006291539998528606
0.0005179800000405521
0.0006359709998378094
0.00045700199984821666
0.0006190799999785668
0.000485471999809306
0.0006579449998298514
0.0004812520000996301
0.0006174800000735559
0.0005502670001078513
0.0006388429999333312
0.0005280660000153148
0.0006589380000150413
0.0006109819998982857
0.0006330379999326397
0.0005967489998965902
0.0006353569999646425
0.000572405999946568
0.0006294739998793375
0.0005284549999942101
0.0006251669999528531
0.0005007269999168784
0.0006439829999180802
0.001833039000075587
0.0006453899998177803
0.0005332980001639953
0.0006101840001520031
0.00048781400005282194
0.0006660399999418587
0.0005342080000900751
0.0006407160001344891
0.0005867370000487426
0.0006399369999599003
0.0005472850000387552
0.0006372180000653316
0.00043918799997300084
0.0006407650000710419
0.0004914759999792295
0.000638362000017878
0.0006069869998555077
0.0006350349999593163
0.0004960240000855265
0.0006655649999629532
0.0005663219999405555
0.0006697180001538072
0.0005708319999939704
0.0007500879999042809
0.0005532180000500375
0.0006963369999084534
0.0005555799998546718
0.0006962269999348791
0.0005278159999306808
0.000671633999900223
0.0005667569998877298
0.0006744869999693037
0.0004893860000265704
0.0006648580001638038
0.0005148170000666141
0.0006716919999689708
0.0005612970001038775
0.0006888089999392832
0.0004944919999161357
0.000674935999995796
0.0005632429999877786
0.0006844989998171513
0.000585574999831806
0.0006636459997935162
0.0004183109999758017
0.000674996000043393
0.0006630109999150591
0.000659554999856482
0.0012563959999170038
0.000678666999874622
0.0005288209999889659
0.0006624869999996008
0.0006368410001869051
0.0007123010000213981
0.000589540999953897
0.0006950050001250929
0.0005672299998877861
0.0006648030000633298
0.0006124640001416992
0.0006362999999964813
0.0006521729999349191
0.0006412630000340869
0.0005803990000003978
0.000633325999842782
0.0006235819998892111
0.0006277699999372999
0.0005989329999920301
0.0006461309999394871
0.0005133560000558646
0.0006393740000021353
0.00048576399990452046
0.0006718649999584159
0.0004484990001856204
0.0006539030000567436
0.0006159060001209582
0.0006362320000334876
0.000547208999932991
0.0006491740000456048
0.0005973990000711638
0.0006436260000555194
0.0005514150000180962
0.0006369150000864465
0.000507950999917739
0.0006504109999241336
0.0004875009999523172
0.0006459920000452257
0.0005929050000759162
0.0006564600000729115
0.0005374230001962133
0.0006349049999698764
0.000436272000115423
0.0006555550000939547
0.0005724529999042716
0.0006312609998531116
0.0005613819998870895
0.0006294449999586504
0.0005503699999280798
0.0006574199999249686
0.000632375999884971
0.0006098239998664212
0.000541813999916485
0.0006368219999330904
0.0005035520000546967
0.0006454630001826445
0.0028400129999681667
0.0006415699999706703
0.0005029680000916414
0.0006484670000190818
0.0004934460000640684
0.0006366560000969912
0.000506945000097403
0.0006384200000866258
0.0005435019998003554
0.0006418660000235832
0.00049742599981073
0.0006511990000035439
0.0004926310000428202
0.0006090009999297763
0.0005340039999737201
0.0006313470000804955
0.000510913999960394
0.000637594999943758
0.0004923819999476109
0.0006291390000114916
0.0005374029999529739
0.0006299350000062987
0.0004883819999577099
0.0006512620000194147
0.000543547999996008
0.0006731019998369447
0.0005466750001232867
0.0006839959999069833
0.000581158000159121
0.000650874000029944
0.00046882800006642356
0.0006677530000160914
0.0004994710000119085
0.0006989799999246316
0.0005031319999488915
0.0006760080000276503
0.0004917750000004162
0.0006475530001353036
0.00047474400003011397
0.0006543540000620851
0.0005570349999288737
0.0006725220000589616
0.000606052000193813
0.0006899399998019362
0.0005568110000240267
0.0006858120000288181
0.0005303100001583516
0.0006596559999252349
0.0006388580000020738
0.0006705060000058438
0.000581358000090404
0.0006841369997800939
0.0005476009998801601
0.0006639319999521831
0.0006740979999904084
0.0006594700000732701
0.000513946999944892
0.000666265000063504
0.0005347220001112873
0.0006633620000684459
0.0005702570001631102
0.0006759699999747681
0.0004389250000258471
0.0006445070000609121
0.0005247040000995185
0.000683681999817054
0.0005039659999965806
0.0006240019999950164
0.0005584250000083557
0.0006381900000178575
0.00042612499987626506
0.0006643799999892508
0.0004737189999559632
0.000637241000049471
0.0004832280001210165
0.0006447559999287478
0.00046965599995019147
0.0006453409998812276
0.0017209359998560103
0.000639329000023281
0.0005867100001069048
0.0006102790000568348
0.00044605999983104994
0.0007051980001051561
0.0004464549999738665
0.0006579920000149286
0.0005736819998674036
0.0006321440000647272
0.00047171899996101274
0.0006368409999595315
0.0005244139999831532
0.0006440980000661511
0.0006094880000091507
0.0006385849999333004
0.0004714140000032785
0.0006680849999156635
0.0004987640002127591
0.0006273829999372538
0.0005853899999692658
0.0006290769999850454
0.0004426300001796335
0.0006481749999238673
0.0005185420000088925
0.0006516369999189919
0.0005932049998591538
0.0006452520001403173
0.0006057860000510118
0.0006325459999061422
0.00047010200000840996
0.0006303459999799088
0.0005566889999499836
0.0006396100000074512
0.0005370900000798429
0.0006564620000517607
0.000543189999916649
0.0006492530001196428
0.0004873390000739164
0.0006318739999642276
0.0006173530000523897
0.0006347930000174529
0.0011652609998691332
0.0006326179998268344
0.0004604539999490953
0.0006501180000668683
0.0005261139999674924
0.0006135759999779111
0.000500191000128325
0.0006355010000334005
0.0006507799998871633
0.0006804909999118536
0.0005027810000228783
0.0006442880001031881
0.0005994089999603602
0.0006395950001660822
0.0006112609999036067
0.000687796000192975
0.0006635360000473156
0.0006523209999613755
0.0004560150000543217
0.0007065129998409247
0.0006090219999350666
0.0007419420001042454
0.0005900819999169471
0.0006528849999085651
0.0006503289998818218
0.0006873150000501482
0.0006519220000882342
0.0006666399999630812
0.0004231129998970573
0.0006391630001871818
0.0005638309999085322
0.0006613230000311887
0.00045091500010130403
0.0006332579998797883
0.0005381109999689215
0.000637570999970194
0.00045589199999085395
0.0006379559999913909
0.000554311000087182
0.0006449059999340534
0.0004745749999983673
0.0006412249999812047
0.00045078700009071326
0.0006334610000067187
0.0005001160000119853
0.0006345960000544437
0.00043471199978739605
0.0006602580001526803
0.00048447900007886346
0.0006193480001002172
0.0006385789999967528
0.0006428130000131205
0.0005187689998820133
0.0006529409999984637
0.0004953899999691203
0.0006430170001294755
0.00045953000017107115
0.0006389519999174809
0.0005394820000219624
0.0006746340000063356
0.0004866889998993429
0.000634905999959301
0.000581502000159162
0.0006456610001350782
0.0004793250000147964
0.0006388970000443805
0.0005383259999689471
0.0006401620000815456
0.00056814800018401
0.0006379179999385087
0.0005533830001240858
0.0006555310001203907
0.00048759899982542265
0.0006416000001081557
0.0005326860000423039
0.0006492229999821575
0.0005648599999403814
0.000628166999831592
0.000493456999947739
0.0006542879998505668
0.0005959330001132912
0.0006132569999408588
0.00044257799982005963
0.000644045999933951
0.0005354740001166647
0.0006997860000410583
0.0005921510000916896
0.0006149849998564605
0.0004961469999216206
0.0006451780000134022
0.0006086260000301991
0.0006369019999965531
0.0005765640000845451
0.0006035260000771814
0.0005293510000683455
0.0006349730001602438
0.0005142960001194297
0.0006457560000399098
0.00044637699988925306
0.0006551090000357362
0.00043679500004145666
0.0006342530000438273
0.0005143109999607987
0.0006367639998643426
0.0005916220000017347
0.0006776220000119793
0.00043990599988319445
0.0006226329999208247
0.0004786920001151884
0.0006495180000456457
0.0006151160000626987
0.0006540120000408933
0.0004867239999839512
0.0006469199997809483
0.0004970110001067951
0.0006457360000240442
0.0004790659997979674
0.0006704539998736436
0.00046778199998698256
0.0006582740002158971
0.0004811320000044361
0.0006356310000228405
0.00048494699990442314
0.0006763070000488369
0.0005606090001037956
0.0006632999998146261
0.0012649750001401117
0.0006714450000799843
0.0006463260001510207
0.0006653549999100505
0.0006835199999386532
0.0006837850000920298
0.000537696000037613
0.0006605060000310914
0.0004911270000320656
0.0007037220000256639
0.0005067249999228807
0.0006756650000170339
0.00042640899982870906
0.000673786000106702
0.0005966300000181946
0.0006622319999678439
0.0006507499999770516
0.0006599509999887232
0.001293998999926771
0.0006875849999232742
0.0005685139999513922
0.000671325000212164
0.0006025630000294768
0.0006820329999754904
0.0006735889999163192
0.0007522910000261618
0.0005089819999284373
0.0006492449999768724
0.000500653000017337
0.0006615250001686945
0.0005704279999463324
0.000693658999807667
0.0005895020001389639
0.0007034459999886167
0.0005816020000111166
0.0006420570000500447
0.0005748509997829387
0.0006410280000181956
0.0005638820000513078
0.0006369840000388649
0.0005122000000028493
0.000623105999920881
0.00043912600017392833
0.0006323640000118758
0.0004663849999815284
0.0006541180000567692
0.0004830180000681139
0.0006388780000179395
0.0005100459998175211
0.0006097689999933209
0.0004735590000564116
0.000669122999852334
0.0004378829999041045
0.0006676719999632041
0.0005975449998913973
0.0006298690000221541
0.00048483299997315044
0.0006374820000019099
0.0005465389999699255
0.000637570999970194
0.0005044949998591619
0.0006509400000140886
0.0005147320000560285
0.0006315359999007342
0.0004675449999922421
0.000649673999987499
0.000461678999954529
0.0006577540000307636
0.00045346799993239983
0.0006348549998165254
0.0005225280001468491
0.0006329730001652933
0.00046318099998643447
0.0006262280001010367
0.000513196000156313
0.0006406559998595185
0.0004151939999701426
0.0006397890001608175
0.0005577209999501065
0.0006331120000595547
0.0006089240000619611
0.0006352850000439503
0.0005164479998711613
0.0006409580000763526
0.00046037899983275565
0.0006418460000077175
0.000489824999931443
0.0006348759998218156
0.000482423999983439
0.0006451430001561675
0.0005862460000116698
0.0006460539998442982
0.00045527099996434117
0.0006365960000493942
0.000632026999937807
0.0006799899999805348
0.0004542579999906593
0.0006512540001040179
0.0005959220000022469
0.0006217189998096728
0.0005168939999293798
0.000663107000036689
0.0005121479998706491
0.0006517680001252302
0.00043054299999312207
0.0006308619999799703
0.0005209519999880285
0.0006690729999263567
0.0004938269999001932
0.0006555500001468317
0.000542557000017041
0.0006622309999784193
0.0004965200000697223
0.0006588129999727244
0.0005829080000694375
0.0006692539998311986
0.0005226060000040889
0.0006740979999904084
0.0005725579999307229
0.0006502470000668836
0.0005101929998545529
0.0006936440001936717
0.0004334549998930015
0.0006827320000866166
0.0004160309999861056
0.0006940509999822098
0.0006908549999025126
0.0006585989999621233
0.0006831240000337857
0.0006525179999243846
0.00041533500007062685
0.0006635150000420253
0.0012514770000962017
0.0006243210000320687
0.000566818999914176
0.0006648930000210385
0.0004977480000434298
0.0006644330001108756
0.0004994329999590263
0.0006663600001957093
0.0006155280000257335
0.0006883460000608466
0.0005043240000759397
0.0006519360001675523
0.0004869010001584684
0.0006381760001659131
0.0005884230001811375
0.0006905089999236225
0.0005348950001007324
0.0006417189999865514
0.0005201070000566688
0.0006343109998852015
0.0005117120001614239
0.0006283799998527684
0.0005330800001956959
0.0006438840000555501
0.0005113520001032157
0.0006152610001208814
0.0005289880000418634
0.0006624449999890203
0.0004136139998536237
0.000630506999868885
0.0005050240001764905
0.0006286440000167204
0.0005192329999772483
0.000636668999959511
0.0004904190000161179
0.0006460960000822524
0.000426495000056093
0.0006306520001544413
0.0005337790000794485
0.0006327570001758431
0.0005725920000259066
0.0006635869999627175
0.0005250070000784035
0.0006270890000905638
0.000593485000081273
0.0006363160000546486
0.0006472039999607659
0.0006145789998299733
0.0004155990000072052
0.0006437370000185183
0.0006050720000985166
0.0006347979999645759
0.0005087940000976232
0.0006639289999839093
0.0004684870000346564
0.000667698999905042
0.0005176889999347623
0.0006322110000382963
0.0005490910000389704
0.0006305389999852196
0.0005822850000640756
0.0006436720000237983
0.0004659469998387067
0.0006415520001610275
0.0005527910000182601
0.0006303760001173941
0.0004826409999623138
0.0006439730000238342
0.0006580799999937881
0.0006363160000546486
0.0004505629999584926
0.0006394150000232912
0.00044575000015356636
0.0006288530000801984
0.002577532000032079
0.0006470149999131536
0.0005464030000439379
0.0006464099999448081
0.0005233909998878516
0.0006415370000922849
0.000558963000003132
0.0006188659999679658
0.00044083600005251355
0.0006471609999607608
0.000596508999933576
0.0006742670000221551
0.0006601360000786372
0.0006886250000661676
0.0004932110000481771
0.0006753899999694113
0.0004998070000965527
0.0006658240001797822
0.0005084939998596383
0.0006627609998304251
0.000545659999943382
0.0006551419999141217
0.0005201310000302328
0.0006712689998948917
0.0005069310000180849
0.0006118720000358735
0.000605360000008659
0.000646515999960684
0.0005085020000024087
0.000615360999972836
0.0005658079999193433
0.0006381789999068133
0.0005890859999908571
0.000643013999933828
0.00042329799998697126
0.0006352799998694536
0.0005478699999912351
0.0006291720001172507
0.0004634449999230128
0.000639557999875251
0.0006090469998980552
0.0006236980000267067
0.0004689840000082768
0.0006451700000980054
0.0005370740000216756
0.0006394259999069618
0.00048730499997873267
0.0006469019999713055
0.0005123630000980484
0.000619430000142529
0.0005115810001825594
0.0006994290001784975
0.000488307000068744
0.0006839600000603241
0.0005442870001388656
0.0006655600000158302
0.000528589999930773
0.0006536079999932554
0.0005527880000499863
0.0006432059999497142
0.0004950840000219614
0.0006334600000172941
0.0006010530000821745
0.0006577760000254784
0.0005725470000470523
0.0006308330000592832
0.0005766279998624668
0.000617821999867374
0.0004679119999764225
0.0006491490000826161
0.0006040640000719577
0.0006585129999621131
0.0005518599998595164
0.0006403129998489021
0.000626143999852502
0.0006472699999449105
0.0005167479998817726
0.0006303580000803777
0.0006547759999193659
0.0006208139998307161
0.0004836400000840513
0.00062824599990563
0.0004957930000273336
0.0006291390000114916
0.0005360860000109824
0.0006621620000260009
0.0006263620000481751
0.0006304949999957898
0.00048657600018486846
0.0006347430000914756
0.0004949650001435657
0.0006466439999712748
0.0005329210000581952
0.0006332739999379555
0.0005618340001092292
0.0006355509999593778
0.0005125410000346164
0.0006437409999762167
0.00046279599996523757
0.0006308780000381375
0.00047867800003587035
0.0006226980001429183
0.0005771599999206956
0.0006282560000272497
0.0004258809999555524
0.0006544830000621005
0.000496350000048551
0.0006433560001823935
0.0005251300001418713
0.0006337049999274313
0.0004968129999269877
0.0006215620001057687
0.00051222900015091
0.0006751389998953528
0.0005274699999517907
0.0006615219999730471
0.0006020779999289516
0.000638915000081397
0.0005175709998184175
0.0006924130000243167
0.000610011999924609
0.000667814000053113
0.0006549469999299617
0.0006723770000007789
0.0005274330001157068
0.0006764099998690654
0.000603546000093047
0.0006657419999100966
0.0004889510000793962
0.0006992650000938738
0.0005687939999461378
0.0006873389997963386
0.0006226830000741757
0.0006816650000018853
0.0017153090000192606
0.0006125669999619276
0.0004713420000825863
0.00063084099997468
0.0005042279999543098
0.0006411629999547586
0.000443524000047546
0.0006458519999341661
0.0005002600000807433
0.0006378099999437836
0.0005409749999216729
0.0006560500000887259
0.0004686409999976604
0.0006436759999814967
0.000581829999873662
0.0006661049999365787
0.000476167999977406
0.0006393930000285764
0.0004416579999997339
0.0006343869999909657
0.0004897040000741981
0.0006375729999490432
0.00045755199994346185
0.0006333839999115298
0.0005203260000143928
0.0006445809999604535
0.0005190710000988474
0.0006583940000837174
0.0005863869998847804
0.0006410830001186696
0.0004772700001467456
0.0006307260000539827
0.0004967290001332003
0.0006470490000083373
0.0005126860000927991
0.0006330559999696561
0.00048133099994629447
0.0006265070001063577
0.0006100200000673794
0.0006249690000004193
0.0004740430001675122
0.0006585099999938393
0.00045722499999101274
0.0006294959998740524
0.0005040989999542944
0.0006318509999800881
0.0004418139999415871
0.0006387920000179292
0.0004946260000906477
0.0006424080002034316
0.0006387529999756225
0.0006353859998853295
0.0004220509999868227
0.0006373789999543078
0.0005212660000779579
0.0006289340001330856
0.0006025440000030358
0.0006722310001805454
0.0004904039999473753
0.0006328960000701045
0.0005413250000856351
0.0006171170000470738
0.0005732240001634636
0.000636510000049384
0.0005842819998633786
0.0006242619999738963
0.00043868500006283284
0.0004078059998846584
0.000469976999966093
0.0004206829999020556
0.00042280299999220006
0.0006524840000565746
0.0004569029999856866
0.0006872179999390937
0.00048538900000494323
0.0006457730000875017
0.000534593000111272
0.000662414999851535
0.0006102480001572985
0.0006615130000682257
0.0005790820000584063
0.000640673000134484
0.000526923000052193
0.0006291590000273573
0.0004208390000712825
0.000640156000144998
0.0005598280001777312
0.0006074370000987983
0.00046219700016081333
0.0006339640001442604
0.0006327589999273187
0.0006639220000579371
0.0005132960000082676
0.0006582839998827694
0.0005875760000435548
0.0006883989999550977
0.000486070000079053
0.0006685220000690606
0.0005183420000776096
0.000680614999964746
0.000657382999861511
0.0006614279998302663
0.0005280289999518573
0.0007519619998674898
0.0005738829997881112
0.0006666990000212536
0.0004965250000168453
0.0006972050000513264
0.0005675090001204808
0.0006556289999934961
0.0006083179998768173
0.0006638429999838991
0.0005591020001247671
0.0006843200001185323
0.0005852849999428145
0.0006582230000731215
0.0004947479999373172
0.0006499880000774283
0.0005661479999616859
0.0006634349999785627
0.0005884229999537638
0.0006669570000212843
0.0005303020000155811
0.000663907999978619
0.0005331910001586948
0.0006548759999986942
0.0012544690000595438
0.0006394160000127158
0.0005483740001182014
0.0006806880001022364
0.0006103860000621353
0.0006323769998743956
0.0004974869998477516
0.0006529469999350113
0.0004614089998540294
0.000646092999886605
0.0005928319999384257
0.0006469759998708469
0.0006298109999534063
0.0006297519998952339
0.00041960599992307834
0.0006607029999941005
0.0004850769998938631
0.0006296010001278773
0.000504554000144708
0.0006341710000015155
0.000514504999955534
0.0006365060000916856
0.0005904639999698702
0.0006306620000486873
0.0011998010002116644
0.0006322940000700328
0.0006456490000346093
0.0006300560000909172
0.0004774809999616991
0.0006616900000153692
0.0005101750000449101
0.0006423970000923873
0.0004684119999183167
0.0006356339999911143
0.0004639450000922807
0.0006548730000304204
0.0004670019998229691
0.0006371380000018689
0.00047409200010406494
0.0006435770001189667
0.0005162310001196602
0.0006442389999392617
0.0005207690001043375
0.0006272130001434562
0.0005269000000680535
0.0006299019999005395
0.000551761999986411
0.0006284940000114148
0.000570320000178981
0.0006403610000234039
0.0005464190001021052
0.0006762280002021726
0.00046762400006628013
0.0006452100001297367
0.00046474999999190914
0.0006726139999955194
0.0005414809998001147
0.0006481749999238673
0.0005765620001056959
0.0006469770000876451
0.0006338729999697534
0.0006292360001225461
0.0005174650000299152
0.0006457179999870277
0.0004934959999900457
0.0006231819997992716
0.0004757179999614891
0.0006757549999747425
0.0004746349998185906
0.000627841999857992
0.0005204139999932522
0.0006418829998438014
0.0006409009999970294
0.0006304379999164667
0.0005122600000504463
0.0006404579999070847
0.0005083060000288242
0.0006518620000406372
0.0005409329999110923
0.0006807750000916712
0.0005322300000898395
0.0006727319998844905
0.0005482230001234711
0.0006584210000255553
0.00048743199999989884
0.0007011549998878763
0.0005683710000994324
0.0006722260000060487
0.0006487749999450898
0.0006809609999436361
0.0004990009999801259
0.000669387000016286
0.0005878700001176185
0.0006666940000741306
0.0006428330000289861
0.0006741890001649153
0.0005716670000310842
0.0006638320001002285
0.000630263000175546
0.000668470999926285
0.0005342119998203998
0.0006635500001266337
0.0004900569999790605
0.000665004999973462
0.0005166490000192425
0.0006821429999490647
0.0005568839999341435
0.0006552830000146059
0.0005068660000233649
0.0006663679998837324
0.0005203349999192142
0.0006516490000194608
0.0005402700001013727
0.0006803510000281676
0.0005455300001813157
0.0006689049998840346
0.0005429829998320201
0.0006442280000555911
0.0004720689998976013
0.0006529199999931734
0.0005538169998544618
0.0006590199998299795
0.0012633950000235927
0.0006362959998114093
0.00044244900004741794
0.0006384910000178934
0.00044344799994178175
0.0006542379999245895
0.0005753389998517378
0.0006222819999948115
0.00045754999996461265
0.0006395110001449211
0.0005847360000643675
0.0006401030000233732
0.0005538769999020587
0.0006726670001171442
0.0006070419999559817
0.0006449630000133766
0.0005668779999723483
0.0006345870001496223
0.0006264050000481802
0.000640836999991734
0.0005665940000199043
0.0006530489999931888
0.0004665220001243142
0.0006462050000664021
0.0006223230000159674
0.000626174999979412
0.0006396570001925284
0.0006505139999717358
0.0006146379998881457
0.0006544309999299003
0.000424895999913133
0.0006374590000177704
0.0005327789999682864
0.0006538400000408728
0.0004509499999585387
0.0006249350001326093
0.0004463889999897219
0.0006349559998852783
0.0005364799999370007
0.0006353759999910835
0.0005011490000015328
0.0006408039998859749
0.000527839000142194
0.0006677660001059849
0.00047668199999861827
0.0006366889999753766
0.0004090799998266448
0.0006350010000915063
0.0004420410000420816
0.0006372339998961252
0.0006263899999794376
0.0006530319999455969
0.0005171809998500976
0.0006405070000710111
0.0005237820000729698
0.0006383510001342074
0.0005891470000278787
0.0006546209999669372
0.0005456100000174047
0.0006728960001964879
0.0006092739999985497
0.0006360729998959869
0.0006010099998547958
0.0006764110000858636
0.0006043800001407362
0.000669615999868256
0.0005088640000394662
0.0006673490001958271
0.000496773999884681
0.0006662010000582086
0.0004968119999375631
0.0006818519998432748
0.0005277210000258492
0.0007349449999765056
0.0005408740000802936
0.0006686890001219581
0.000579991999984486
0.0006929769999715063
0.0004571819999910076
0.0006607370000892843
0.0005859870000222145
0.0006397509998805617
0.0006139860001894704
0.0006643010001425864
0.0005862460000116698
0.0006719240000165883
0.0005190490001041326
0.0006649619999734568
0.0005974190000870294
0.0006763290000435518
0.0006770690001758339
0.0006609649999518297
0.0006453389999023784
0.0006970340000407305
0.00048636699989401677
0.0006401420000656799
0.0005154510001830204
0.00066614499996831
0.0005485760000283335
0.0006614760000047681
0.0005583770000612276
0.0006481280001935374
0.00045650399988517165
0.0006345710000914551
0.0005685690000518662
0.0006303130001015234
0.0005165909999504947
0.0006326310001441016
0.00048511099998904683
0.000646515999960684
0.0006044409999503841
0.0006355390000862826
0.0004638369998701819
0.0006424050000077841
0.0004637170000023616
0.000634347999948659
0.0006479080000190152
0.0006300210000063089
0.0004983239998637146
0.000627463999990141
0.0006392569998752151
0.0006423090001135279
0.00046872699999767065
0.0006187960000261228
0.000620710000021063
0.0006453309999869816
0.0004758860000038112
0.0006386729999121599
0.0005724499999359978
0.000681386999985989
0.0004915560000426922
0.0006461660000240954
0.0004565839999486343
0.0006511900000987225
0.0004173009999703936
0.0006409850000181905
0.0005380580000746704
0.000660172999914721
0.0005242469999302557
0.0007007789999988745
0.0005051130001447746
0.0006398880000233476
0.0005137179998655483
0.0006519109999771899
0.000513090999902488
0.0007050770000205375
0.00044946399998480047
0.0006399930000497989
0.0004251719999501802
0.00045926600000711915
0.0006925170000613434
0.0006455239999922924
0.0005614100000457256
0.000660288000062792
0.0005715889999464707
0.0006235109999579436
0.0012826889999359992
0.0006266699999741832
0.0005925680000018474
0.000673023999979705
0.0006037530001776759
0.0004149449998749333
0.00040619400010655227
0.0006576220000624744
0.000576033000015741
0.0006401089999599208
0.0004885480000211828
0.0006302059998688492
0.0004197399998702167
0.0006358289999752742
0.0012390300000788557
0.0007131229999686184
0.000526872000136791
0.0006963610001093912
0.000558479999881456
0.0006679099999473692
0.00045665900006497395
0.0006668010000794311
0.0006352909999804979
0.0008327179998559586
0.0005696089999673859
0.0006866140001875465
0.0005614699998659489
0.0006780850001177896
0.0005903609999222681
0.0007039069998882042
0.0006201640001108899
0.0006508589999612013
0.0006562200001098972
0.0006248180000056891
0.0006220049999683397
0.0006339219999063062
0.00043585200000961777
0.0006602579999253066
0.0006102740001097118
0.0006525880000936013
0.0004473550000057003
0.0006765939999695547
0.00048388400000476395
0.0006508849999136146
0.0005938090000654483
0.0006513600001198938
0.0005695279999144987
0.0006399840001449775
0.00041849500007629103
0.0006480979998286784
0.0006116150000252674
0.0006926710000243474
0.0006104990000039834
0.0006723589999637625
0.0005171070001779299
0.0006337520001125085
0.0004303069999878062
0.0006611919998249505
0.000601225999844246
0.000667191000047751
0.0005703179999727581
0.000630756999953519
0.0004731640001409687
0.0006506060001356673
0.0005793099999209517
0.0006558800000675546
0.0005206970001836453
0.000653199999987919
0.0005514749998383195
0.0006317540000964073
0.0005892599999697268
0.0006455079999341251
0.0004932859999371431
0.0006428189999496681
0.0005479669998749159
0.000643771999875753
0.0004878849999840895
0.0006440309998652083
0.0005574469998919085
0.0006369029999859777
0.0005689590000201861
0.0006330290000278183
0.00047984599996198085
0.000658443999782321
0.0005200049999984913
0.0006094070001836371
0.0005269010000574781
0.0006481330001406604
0.0005243199998403725
0.0006257469999582099
0.0005136120000770461
0.0006485330000032263
0.0004910889999791834
0.0006393390001449006
0.0005304940000314673
0.00063545900002282
0.0005547000000660773
0.0006364299999859213
0.0004423119999046321
0.0006358410000757431
0.0005102360000819317
0.0006745399998635548
0.000478558999930101
0.0006365740000546793
0.00045971800000188523
0.0006336209999062703
0.0005389509999531583
0.0006409530001292296
0.0006637080000473361
0.0006530349999138707
0.0005411180000010063
0.0006402029998753278
0.00042868399987128214
0.0006419789999654313
0.0005989940000290517
0.0006565799999407318
0.0004185069999493862
0.0006389610000496759
0.0004536369999641465
0.0006529879999561672
0.00043127100002493535
0.0006618180000259599
0.0004324199999246048
0.0007052169999042235
0.000517547999834278
0.0006846460000815568
0.0005349519999526819
0.0006758600000011938
0.0006344280000121216
0.000671712999974261
0.0005651779999880091
0.0006765570001334709
0.0005311160000474047
0.0007025990000784077
0.0005187750000459346
0.0006734139999480249
0.0005237880000095174
0.0007051830000364134
0.0005027839999911521
0.0006623409999519936
0.0006592300001102558
0.0006436979999762116
0.0005318369999258721
0.0006444939999710186
0.0004435560001638805
0.0006421359998967091
0.00047402400014107116
0.0006408699998701195
0.0004684250000082102
0.000649166000130208
0.0004476899998735462
0.0006414909998966323
0.00046757599989177834
0.0006234240001958824
0.0004596119999860093
0.0006299020001279132
0.0006035860001247784
0.0006436099999973521
0.00056013400012489
0.0006637049998516886
0.00051342000006116
0.0006367930000124034
0.0005466269999487849
0.0006485960000190971
0.0005185970001093665
0.0006405999999969936
0.0005781719999049528
0.0006298989999322657
0.0005831959999795799
0.0006349390000650601
0.0006249640000532963
0.0006426380000448262
0.0005971939999653841
0.0006379519998063188
0.00048472899993612373
0.000637236999864399
0.0004978380000011384
0.0006250950000321609
0.000526398999909361
0.0006121029998666927
0.0004778689999511698
0.000650496000162093
0.0005690569998932915
0.0006765880000330071
0.0005515000000286818
0.0006266990001222439
0.0005815050001274358
0.000636329999906593
0.0004461149999315239
0.0006091019999985292
0.0006176409999625321
0.0006404270000075485
0.0005921829999806505
0.0006492630000138888
0.0005014539999592671
0.0006386180000390596
0.0006370060000335798
0.0006421420000606304
0.000529207999989012
0.000656413000115208
0.0005643270001201017
0.0006512750001093082
0.0006202309998570854
0.0006516989999454381
0.0006303540001226793
0.0006520399999772053
0.0005119280001508741
0.0006395880000127363
0.00056831200004126
0.0006307609999112174
0.0006055260000721319
0.0006535850000091159
0.0005016730001443648
0.000616561000015281
0.000515560999929221
0.0006365409999489202
0.000542189000043436
0.0006392239999968297
0.00044973500007472467
0.0006212480000158394
0.0004892859999472421
0.0006673220000266156
0.0005087160000130098
0.0006456819999129948
0.0004893789998732245
0.0006389929999386368
0.0005144510000718583
0.0006824049999067938
0.000537515999894822
0.00063795799997024
0.0005187120000300638
0.0006795869999223214
0.0005668619999141811
0.0006467749999501393
0.0005175750000034895
0.0006908939999448194
0.0004831290000311128
0.0007361369998761802
0.0005206979999456962
0.0006635810000261699
0.000578657000005478
0.0006772750000436645
0.0004959620000590803
0.000669182999899931
0.0004596250000759028
0.0007082130000526377
0.0005075059998489451
0.0006826910000654607
0.000523793999946065
0.0006387309999809077
0.0005686150000201451
0.0006360059999224177
0.0005103040000449255
0.0006314270001439581
0.00045239100018079625
0.0006360150000546128
0.00045965100002831605
0.000649673999987499
0.0004598040000018955
0.0006423479999284609
0.0005351920001430699
0.0006424829998650239
0.0005568110000240267
0.0006419910000659002
0.0005013099998905091
0.0006381680000231427
0.0005130360000293877
0.0006504250000034517
0.0005833410000377626
0.0006448869999076123
0.00047424600006706896
0.0006054310001673002
0.0006026689998179791
0.0006277339998632669
0.0005021759998271591
0.0006384670000443293
0.0005949769999915588
0.0006344150001496018
0.0004778869999881863
0.0006369679999806976
0.0004136479999488074
0.0006616200000735262
0.0005187100000512146
0.0006503540000721841
0.0005166539999663655
0.0006359250000969041
0.00046873199994479364
0.0006351029999223101
0.0005250819999673695
0.0006279439999161696
0.0005928569999014144
0.0006645529999786959
0.0004739539999718545
0.0005998939998335118
0.00048177400003623916
0.0006207090000316384
0.00046336100012922543
0.000641883000071175
0.0005229189998772199
0.0006786020001072757
0.0012613440001132403
0.0006396500000391825
0.000596034999944095
0.0006484430000455177
0.0006089089999932185
0.0006482359999608889
0.0005099039999549859
0.0006613379998725577
0.0004808809999303776
0.0006412749999071821
0.0005125239999870246
0.0006184630001371261
0.0005310100000315288
0.0006350200001179473
0.0004602280000653991
0.0006346750001284818
0.00045175099990046874
0.0006458240000029036
0.0005194430000301509
0.0006326380000700738
0.0005922450000070967
0.0006621949999043863
0.0005992789999709203
0.0006409229999917443
0.00042584299990267027
0.0006321800001387601
0.0005270749998089741
0.0006459520000134944
0.00046186999998099054
0.0006470980001722637
0.0005015710000861873
0.0006160220000310801
0.0004643680001663597
0.0006372230000124546
0.0006362300000546384
0.0006587249999938649
0.00048708899998928246
0.000638780999906885
0.00045490200000131154
0.0006704390000322746
0.0005063159999281197
0.0006706649999159708
0.0005651869998928305
0.0006668739999895479
0.0005536730000130774
0.000633686000128364
0.000585675000138508
0.0006662079999841808
0.0005234370000835042
0.0007125889999315405
0.0005665549999775976
0.0006906220000928442
0.0005948890000126994
0.0006905049999659241
0.0006254279999211576
0.0006555709999247483
0.0006176800000048388
0.0006533199998557393
0.0006008739999288082
0.0006567729999460425
0.0005735019999519864
0.0006469309998919925
0.00041679799983285193
0.0006495929999346117
0.0005708749999939755
0.000651311999945392
0.0005801529998734622
0.0006432510001559422
0.0005400059999374207
0.0006442930000503111
0.0006392819998382038
0.0006427849998544843
0.0005579680000664666
0.0006418309999389749
0.000558939000029568
0.000653832999887527
0.0005353009998998459
0.0006391230001554504
0.0004990090001228964
0.0006284880000748672
0.0005773109999154258
0.0006374720001076639
0.0006226370001058967
0.0006272860000535729
0.0005347229998733383
0.0006440810000185593
0.00045346699994297524
0.0006215099999735685
0.0004673700000239478
0.0006400100000973907
0.00045793300000696036
0.0006300319998899795
0.0004960480000590906
0.0006355840000651369
0.0005122210000081395
0.0006476860000930174
0.0004942709999795625
0.0006379710000601335
0.0006324949999907403
0.0006342060000861238
0.0005031719999806228
0.0006406959998912498
0.0004800970000360394
0.0006430170001294755
0.0005548280000766681
0.000670842000090488
0.000649149999844667
0.0006789100000332837
0.00043563400004131836
0.0006425360002140224
0.00048454200009473425
0.0006608230000892945
0.0005099439999867172
0.0006492669999715872
0.0004935219999424589
0.0006728399998792156
0.00048029399999904854
0.0006260779998683574
0.00048781200007397274
0.0006659560001480713
0.0005132209998919279
0.0006368759998167661
0.00042915100016216456
0.000656632000072932
0.0004966320000221458
0.0006400429999757762
0.0005152649998763081
0.0006467789999078377
0.0005555210000238731
0.0007232670000121288
0.0005509280001660954
0.0006386600000496401
0.0004893329999049456
0.0006610279999677005
0.0005620550000458024
0.0006409760001133691
0.0005043099999966216
0.0006390179999016254
0.0005100729999867326
0.0006520519998503005
0.0005635649999931047
0.0006566230001681106
0.000626054999884218
0.0006445610001719615
0.0006482880000930891
0.000634910000144373
0.0004825690000416216
0.0006735680001384026
0.0005113610000080371
0.0006685900000320544
0.000548134999917238
0.0006656190000740025
0.0005809839999528776
0.0006992659998559247
0.0004974340001808741
0.0006967580000036833
0.0005207970000355999
0.0006792909998694086
0.000527305999867167
0.0007164749999901687
0.000504602999853887
0.000678642000139007
0.000490969999873414
0.0006491419999292702
0.0004763809999985824
0.0006382550000125775
0.0004296469999189867
0.0006464969999342429
0.0005523380000340694
0.0006489029999556806
0.000616849999914848
0.0006330409999009134
0.0004927760001010029
0.0006399450001026707
0.0006029210001088359
0.0006276249998791172
0.0004223979999551375
0.0006544079999457608
0.0006679230000372627
0.0006332570001177373
0.0005768270000316988
0.0006419520000235934
0.0005385929998737993
0.0006824160000178381
0.0005460269999275624
0.0006356579999646783
0.00045534800005953
0.0006354009999540722
0.0006561959999089595
0.000624236000021483
0.0012207550000766787
0.0006319310000435507
0.0005825579999054753
0.0006399599999440397
0.0005294899999626068
0.0006523879999349447
0.0006089949999932287
0.0006549469999299617
0.00041770600000745617
0.0006412180000552326
0.00048823900010575016
0.0006611660000999109
0.000625864999847181
0.0006348730000809155
0.0004532039999958215
0.0006511880001198733
0.0005032859999118955
0.0006610829998408008
0.0005748260000473238
0.0006284510000114096
0.00045269599991115683
0.0006369510001604795
0.0006159949998618686
0.0006343090001337259
0.0006296369999745366
0.000637883999843325
0.0004201280000870611
0.0006362660001286713
0.0006353789999593573
0.0006332699999802571
0.0004653680000501481
0.0006348940000862058
0.0006641879999733646
0.0006331640001917549
0.00044221500002095127
0.0006167479998566705
0.0004904039999473753
0.0006297339998582174
0.00048898799991548
0.0006416369999442395
0.000541486000201985
0.0006455779998759681
0.0005419579999852431
0.0006408660001397948
0.00043806100006804627
0.0006410859998595697
0.0005225009999776375
0.0006264159999318508
0.0005540760000712908
0.0006523600000036822
0.0005793000000267057
0.0006613369998831331
0.0005519200001344871
0.0006359089998113632
0.0005212859998664499
0.0006344460000491381
0.0005209480000303301
0.00062140700015334
0.00048786199999995006
0.0006511850001515995
0.0004447530000106781
0.0006574439998985326
0.0005371530000957137
0.0006402799999705167
0.0005068319999281812
0.0007015670000782848
0.00066803799995796
0.0006825450000178535
0.0004757269998663105
0.0006948469999770168
0.0005500400000073569
0.0006741849999798433
0.0005763940000633738
0.0006970030001411942
0.00065697100012585
0.0006774460000542604
0.0005022530001497216
0.0006620219999149413
0.0006405910000921722
0.0006858169999759411
0.0005457580000438611
0.0006573900000148569
0.0004413169999679667
0.0006275169998843921
0.000530886999968061
0.0006576969999514404
0.000587722000091162
0.0006319139999959589
0.0006218089999947551
0.0006772740000542399
0.0004894169999261067
0.0006329309999273391
0.00045894599998064223
0.0006430099999761296
0.0006275040000218723
0.0006251390000215906
0.00044178100006320165
0.0006968120001147327
0.0006543490001149621
0.0006425980000130949
0.0006457960000716412
0.0006630740001583035
0.0006219079998572852
0.0006613960001686792
0.0005445080000754388
0.0006610809998619516
0.0005924580000282731
0.0006317679999483516
0.000530268999909822
0.000641650000034133
0.00047786300001462223
0.0006302920000962331
0.00044083900002078735
0.000626826999905461
0.00046828099993945216
0.0006317410000065138
0.0006067670001357328
0.0006302530000539264
0.0006003159999181662
0.0006092870000884432
0.00044283700003688864
0.0006608180001421715
0.0004593959999965591
0.0006536710000091261
0.0004479510000692244
0.0006066470000405388
0.0005081580000023678
0.000636524999890753
0.0005851959999745304
0.0006345790000068519
0.00046813199992357113
0.0006218080000053305
0.00045684099995924043
0.0006432239999867306
0.0005394250001700129
0.0006395259999862901
0.0004582049998589355
0.000633012999969651
0.00048420699999951466
0.0006369510001604795
0.0005791759999738133
0.0006109970001944021
0.0004990279999219638
0.0006415739999283687
0.0006196090000685217
0.0006377790000442474
0.0004945989999214362
0.0006457360000240442
0.0005249879998245888
0.0006552750000992091
0.0004777949998242548
0.0006527960001676547
0.0004207969998333283
0.0006323989998691104
0.0005482110000230023
0.0006475679999766726
0.00042130900010306505
0.0006464880000294215
0.00041755200004445214
0.000670657000000574
0.000476776000141399
0.0006284290000166948
0.0004880609999418084
0.0006384989999332902
0.0005946890000814165
0.0006297639999957028
0.0006012910000663396
0.0006528500000513304
0.000468362999981764
0.0006481450000137556
0.0005947390000073938
0.0006382390001817839
0.0006571879998773511
0.0006754589999218297
0.0005438980001599703
0.0006683399999474204
0.0006305990000328165
0.0006802649998007837
0.0005165410000245174
0.0006611119999888615
0.0004916489999686746
0.000724235999996381
0.000543906000075367
0.0006784699999116128
0.0005034220000652567
0.0007464819998403982
0.000526324000020395
0.0006835409999439435
0.000594959999943967
0.0006719329999214096
0.0004948229998262832
0.0006539729999985866
0.0005414649999693211
0.0006582670000625512
0.0004982779998954356
0.0006507430000510794
0.000521407999940493
0.00066338600004201
0.0005424759999641537
0.0006529279999085702
0.0006263120001221978
0.0006557050000992604
0.0004991920000065875
0.0006679709999843908
0.0004966909998529445
0.0006586519998563745
0.0005151410000507894
0.0006679820000954351
0.0004894950000107201
0.0007133520000479621
0.0004412430000684253
0.0006502379999346886
0.0006262059998789482
0.0006772050001018215
0.0005729819999942265
0.0006525310000142781
0.0004802700000254845
0.0006307170001491613
0.0005468159999963973
0.0006309030000011262
0.0004902979999314994
0.0006430890000501677
0.0004782590001468634
0.0006853319998754159
0.0004955239999162586
0.0006474459999026294
0.0005438050000066141
0.0006378729999596544
0.0005549610000343819
0.0006299900001067726
0.0005385649999425368
0.0006350979999751871
0.0004772800000409916
0.0006566639999618928
0.0005048250000072585
0.000625133999847094
0.00048824600003172236
0.0006297810000432946
0.0004735699999400822
0.0006309609998425003
0.0005864990000645776
0.0006443210002089472
0.000510904000066148
0.0006455780001033418
0.0004630470000392961
0.0006305639999482082
0.00041992100000243227
0.0006576519999725861
0.0004904130000795703
0.0006563859999459964
0.0004159800000707037
0.0006337179997899511
0.0006328010001652729
0.0006282730000748415
0.0004403689999890048
0.0006409850000181905
0.0005102489999444515
0.0006381610000971705
0.00045905199999651813
0.0006469810000453435
0.000534668000000238
0.0006237439999949856
0.0005810340001062286
0.0006378630000654084
0.0004882620000898896
0.0006345799999962765
0.0005921760000546783
0.0006313950000276236
0.000606942999866078
0.0006415870000182622
0.0005242180000095686
0.0006307349999588041
0.00044172999992042605
0.0006691210001008585
0.0004617409999809752
0.0006465430001298955
0.000522379999893019
0.0006332349998956488
0.0004122789998746157
0.0006395450000127312
0.0005028420000598999
0.0006725579999056208
0.0004314580000936985
0.0006696839998312498
0.0005170129998077755
0.0006565829999090056
0.0005089490000500518
0.000698290999935125
0.0004984140000487969
0.0006801629999699799
0.0005033160000493808
0.0006770569998479914
0.0006507559999135992
0.0006646550000368734
0.000545953000028021
0.0007149559999106714
0.00047829599998294725
0.0006682279999949969
0.0004745229998661671
0.0006395489999704296
0.0006378130001394311
0.0006177840000418655
0.0006003630001032434
0.0006437240001559985
0.0005153649999556364
0.000641217000065808
0.0005980540001928603
0.0006495659999927739
0.00043613299999378796
0.0006307529999958206
0.0004700399999819638
0.0006804930001180765
0.00045528300006481004
0.0006647889999840118
0.0006171360000735149
0.0006424380001135432
0.0005509570000867825
0.0006505920000563492
0.0006483109998498549
0.000650260999918828
0.000512094999976398
0.0006298089999745571
0.00047928599997248966
0.00065607400006229
0.00047653999990870943
0.0006324899998162437
0.0006384959999650164
0.0006387430000813765
0.0005103779999444669
0.0006529449999561621
0.000531105999925785
0.0006387490000179241
0.00047569399998792505
0.0006720149999637215
0.0004628549997960363
0.0006299680001120578
0.0004855640002006112
0.0006509370000458148
0.0004874900000686466
0.0006563689998984046
0.0004821439999886934
0.0006198109999786539
0.0005340500001693727
0.0006358620000810333
0.00048264400015796127
0.0006389260001924413
0.0004204550000395102
0.0006578659999831871
0.0006389190000390954
0.0006369459999859828
0.0012797589999991033
0.0006101389999457751
0.0005755649999628076
0.0006474729998444673
0.0006313409999165742
0.0006401440000445291
0.0004931020000640274
0.000629729999900519
0.0004504510000060691
0.0006572340000730037
0.0004991859998426662
0.0006361090001973935
0.0004755520001253899
0.0006373510000230453
0.0006273260000853043
0.0006447739999657642
0.0005741279999256221
0.0006401859998277359
0.000584275999926831
0.0006594439998934831
0.0006073020001622353
0.0006607830000575632
0.000567047000004095
0.0006287020000854682
0.00048387700007879175
0.0006577049998668372
0.00265749400000459
0.0006437290001031215
0.0006366329998854781
0.0006477790000189998
0.00048150199995689036
0.0006402830001661641
0.0005434059999060992
0.0006334290001177578
0.0005388979998315335
0.0006355410000651318
0.00041539400012879923
0.000643468000134817
0.0005894540001918358
0.0006893019999552052
0.0005255609999039734
0.0006550479999987147
0.0005135500000505999
0.0006851800001186348
0.0005309699999997974
0.000684568999986368
0.0006762900000012451
0.0006803900000704743
0.0005501960001765838
0.0006621120001000236
0.0005184750000353233
0.0006849689998489339
0.0005507000000761764
0.0007047020001209603
0.0004835080001157621
0.0006405480000921671
0.0005510379999122961
0.0006453140001667634
0.0005431680001493078
0.0006449879999763652
0.00047475000019403524
0.000649604000045656
0.0005771900000581809
0.0006628019998515811
0.0005748749999838765
0.0006851139999071165
0.0005107580000185408
0.0006728880000537174
0.0005587960001776082
0.0006973580000249058
0.0005806540000321547
0.0008184989999335812
0.000700881000057052
0.0006891489999816258
0.00048537399993620056
0.0007006700000147248
0.0005307189999257389
0.0006500679999135173
0.0005088330001399299
0.0006542619998981536
0.0006083240000407386
0.0006402640001397231
0.000608924999824012
0.0006323960001282103
0.0004949350000060804
0.0006524030000036873
0.0004816870000468043
0.0006879999998545827
0.0006283640000219748
0.000644278999970993
0.0006274390000271524
0.0006416859998807922
0.000653394999972079
0.0006501279999611143
0.0006383689999438502
0.0006389610000496759
0.0004157209998538747
0.0006482870001036645
0.0005959850000181177
0.0006317919999219157
0.0005114000000503438
0.000646943999981886
0.0005250439999144874
0.0006771669998215657
0.000619226000026174
0.0006429369998386392
0.0004994640000859363
0.0006081440001253213
0.00044444300010582083
0.0006421130001399433
0.00043015799997192516
0.0006311089998689567
0.0006092629998875054
0.0006590290001895482
0.0006611710000470339
0.0006381299999702605
0.0006485389999397739
0.0006411609999759094
0.0006450240000503982
0.0006631699998251861
0.00047883700017337105
0.000669452000011006
0.0005184530000406085
0.0006125770000835473
0.0004565140000067913
0.0006360329998642555
0.000576591000026383
0.0006435039999814762
0.0006405120000181341
0.0006463039999289322
0.0006046270000297227
0.0006637480000790674
0.0006103069999880972
0.0006595570000627049
0.0006479310000031546
0.0006573860000571585
0.0013129330000083428
0.0006376190001446957
0.0006301839998741343
0.0006306379998477496
0.00046744600012971205
0.00063811900008659
0.000551995000023453
0.0006208760000845359
0.00041307400010737183
0.000644432999933997
0.00045841200017093797
0.0006899299999076902
0.0006235270000161108
0.0006772340000225086
0.0005119310001191479
0.0006665119999524904
0.0004922630000692152
0.0006836989998646459
0.0006306450000010955
0.0006720779999795923
0.0006509429999823624
0.0006707009999900038
0.0006566450001628255
0.0007006149999142508
0.0005979520001346827
0.0006526209999719867
0.0005168749999029387
0.0006411990000287915
0.0005108379998546297
0.0006373579999490175
0.0006087849999403261
0.0006390440000814124
0.0004960269998264266
0.00070487600009983
0.0005427590001545468
0.0006399889998647268
0.0006502129999716999
0.0006790449999698467
0.000567001999797867
0.0006491520000508899
0.0006443750000926229
0.0006486609997864434
0.0012646840000343218
0.0006513480000194249
0.0005886690000806993
0.0006523759998344758
0.0006565329999830283
0.0006571260000782786
0.0004184599999916827
0.0006294760000855604
0.00041335199989589455
0.0011893440000676492
0.0004928820001168788
0.0006282209999426414
0.0005825499999900785
0.0006566389999989042
0.0005330220001269481
0.0006386649999967631
0.0006453020000662946
0.000488949000100547
0.00041662299986455764
0.0006461709999712184
0.0005933550000918331
0.0006533810001201346
0.0004468450001695601
0.0006806469998537068
0.0005792340000425611
0.0006158559999676072
0.0004757179999614891
0.0006482759999926202
0.0005908790001285524
0.0006591689998458605
0.0005385389999901236
0.0006263309999212652
0.0005000479998216179
0.0006330910000542644
0.0005583610000030603
0.0006345780000174273
0.000556548000076873
0.0006127620001734613
0.0004835839999941527
0.0006384190000972012
0.0005719449998196069
0.0006734999999480351
0.0004662769999868033
0.0006578289999197295
0.00048238099998343387
0.0006441620000714465
0.00042082100003426604
0.0006390149999333516
0.0005627190000723203
0.0006443930001296394
0.0005346579998786183
0.0006384599998909835
0.0005005680000067514
0.0006565980002051219
0.0005078509998384106
0.0006534070000725478
0.0005330340000000433
0.0006392499999492429
0.0006264349999582919
0.00041594499998609535
0.0005680010001469782
0.00062831099990035
0.0005727049999677547
0.00063792400010243
0.0006253800002014032
0.0006458709999606072
0.0005537009999443399
0.0006189819998780877
0.0004885199998625467
0.00064004599994405
0.0004913660000056552
0.000651566999977149
0.0005931739999596175
0.0006342290000702633
0.0013006919998588273
0.0006293709998317354
0.0004928199998630589
0.0006887740000820486
0.000445854999952644
0.0006753050001861993
0.00046313799998642935
0.0006922640000084357
0.0004941570000482898
0.0007204010000805283
0.0006061660001250857
0.0006853570000657783
0.0005418559999270656
0.0006779120001283445
0.0005259250001472537
0.0006717530000059924
0.0006576910000148928
0.0007274570000390668
0.0004768900000726717
0.0006316999999853579
0.00046948300018812006
0.0006390769999597978
0.0005094939999708004
0.0006538290001572022
0.0006290379999427387
0.0006687600000532257
0.000502740999991147
0.0006350010000915063
0.0006469480001669581
0.000631593999969482
0.0006199350000315462
0.0006781399999908899
0.0006013489999077137
0.0006756200000381796
0.000461320000113119
0.0006560120000358438
0.0006364390001181164
0.0006411900001239701
0.0005169209998712176
0.0006482850001248153
0.00043803799985653313
0.00064068300002873
0.0006351530000756611
0.0006177840000418655
0.0005825089999689226
0.0006293859999004781
0.0004913310001484206
0.0006407870000657567
0.0004292579999400914
0.00064892599993982
0.0006125439999777882
0.0006676729999526287
0.0004807519999303622
0.0006397750000814995
0.000588629000048968
0.0006556819998877472
0.0005437269999220007
0.0006472239999766316
0.0004893939999419672
0.0006479480000507465
0.000538542999947822
0.0006424980001611402
0.00042270499989172095
0.0006547210000462655
0.0005005350001283659
0.0006412800000816787
0.00047734800000398536
0.0006407840000974829
0.0005236100000729493
0.0006535740001254453
0.0005002340001283301
0.0006403679999493761
0.0005637120000301366
0.000636469000028228
0.0004573119999804476
0.0006357810000281461
0.0004903560000002471
0.000633311000001413
0.0004642119999971328
0.0006459180001456843
0.0005214139998770406
0.0006297930001437635
0.00047060600013537623
0.0006452620000345632
0.00040793399989524914
0.0006409709999388724
0.000532710000015868
0.0006443130000661768
0.0005368059999000252
0.0006388199999491917
0.0005475440000282106
0.0006393590001607663
0.0005763929998465755
0.0006467960001828033
0.0005076270001609373
0.0006539480000355979
0.0006400539998594468
0.0006278360001488181
0.00044992299990553875
0.0006444650000503316
0.00041579100002309133
0.0006310339999799908
0.0006307640001068648
0.0006532490001518454
0.0004363200000625511
0.0006363659999806259
0.000573432999999568
0.0006364129999383294
0.0006381989999226789
0.0006288790000326117
0.0005154179998498876
0.0006772070000806707
0.0006230179999420216
0.0006750649999958114
0.0006821750000653992
0.000683945999981006
0.0006547640000462707
0.0006953649999559275
0.0004891170001428691
0.0006715650001751783
0.0005108149998704903
0.0007057969999095803
0.0005401769999480166
0.0006791969999540015
0.00044519800007947197
0.0006598380000468751
0.001252616000101625
0.0006774850000965671
0.0006594699998458964
0.0006644369998412003
0.0006384729999808769
0.0006600500000786269
0.0005585620001511415
0.0006764479999219475
0.0006934650000403053
0.0006761029999324819
0.0005036929999278073
0.0006786260000808397
0.0005593369999132847
0.0006432029999814404
0.0006371489998855395
0.0006753019999905518
0.0005142130000876932
0.0006552219999775843
0.0004699080000136746
0.000635372999795436
0.000659241999983351
0.000679200000149649
0.0006229250000160391
0.0006177059999572521
0.0005690560001312406
0.0006612739998672623
0.000501764000091498
0.0006323640000118758
0.0005018490001020837
0.0006365520000599645
0.0004232179999235086
0.0006401830000868358
0.00043303699999341916
0.000661865999973088
0.0005069709998224425
0.0006513519999771233
0.0005185929999242944
0.0006327460000647989
0.0004964540000855777
0.0006591970000044967
0.0006318430000646913
0.0006539480000355979
0.0006137699999726465
0.0006431529998280894
0.000642664999986664
0.0006117419998190599
0.00043869000000995584
0.000656985999967219
0.0005213890001414256
0.000649144999897544
0.0004098219999377761
0.0006599119999464165
0.0005374760000904644
0.0006467559999236983
0.0006471490000876656
0.0006396029998541053
0.0006323879999854398
0.0006427190000977134
0.0006524549999085139
0.0006576319999567204
0.0006036469999344263
0.0006415010000182519
0.000562469999977111
0.0006268239999371872
0.0005774269998255477
0.0006420590000288939
0.00041089500018642866
0.0006696100001590821
0.000459831000171107
0.0006437790000290988
0.000608025000019552
0.000611983999988297
0.0006485279998287297
0.0006265590000111843
0.0005681210000147985
0.0006441970001560549
0.0006065790000775451
0.0006442760000027192
0.0005474919998960104
0.0006303659999957745
0.0004950069999267726
0.0006378909999966709
0.0005050390000178595
0.000644432999933997
0.0005136199999924429
0.0006571619999249378
0.0005719089999729476
0.0006229109999367211
0.00047602199992979877
0.0006484250000085012
0.0004605120000178431
0.0006342029998904763
0.0005405859999427776
0.0006600050000997726
0.0005872189999536204
0.000657678000152373
0.0006816069999331376
0.0006589930001155153
0.0012787940001999232
0.000647222999987207
0.0006755350000275939
0.0006786750000173924
0.0006545409999034746
0.0006695800000215968
0.0005792859999473876
0.00065932199981944
0.0004955700001119112
0.0007241659998271643
0.0005438099999537371
0.0006357849999858445
0.0005049960000178544
0.0006574159999672702
0.00045168599990574876
0.0006538990000990452
0.0005935859999226523
0.0006566110000676417
0.00042628600021998864
0.0006416639998860774
0.0006211970001004374
0.0006446400000186259
0.0005101859999285807
0.0006294140000591142
0.0006130650001523463
0.0006317989998478879
0.000572507000015321
0.0006438630000502599
0.0005808769999475771
0.0007194289999006287
0.0006278299999848969
0.0006461779998971906
0.000457027000038579
0.0006471130000136327
0.0004874579999523121
0.0006125630000042293
0.0005500350000602339
0.0006353599999329163
0.0004539880001175334
0.0006475979998867842
0.0005320610000580928
0.0006358780001392006
0.0006424590001188335
0.0006329269999696407
0.0005629419999877427
0.0006358000000545871
0.00042169500011368655
0.0006548500000462809
0.000537501000053453
0.0006300219999957335
0.0005827370000588417
0.0006566289998772845
0.0006400129998382909
0.0006361600001127954
0.000569712000014988
0.0006296540000221285
0.00046075599993855576
0.000632305999943128
0.00047911700016811665
0.000656586999866704
0.0005692499998986023
0.0006242119998205453
0.0005385660001593351
0.0006577910000942211
0.0004937029998473008
0.0006459109999923385
0.0005342219999420195
0.000632026999937807
0.00047153600007732166
0.0006403400000181136
0.0007118009998521302
0.0006305289998635999
0.0005174149998765643
0.0006594859999040636
0.0004981099998531135
0.0006704229999741074
0.000525049000088984
0.0006410739999864745
0.001264281999965533
0.0006417299998702219
0.0005849880001278507
0.0006455400000504596
0.00048498499995730526
0.0006327010000859445
0.0004497859999901266
0.0006399839999176038
0.0004736839998713549
0.0006735769998158503
0.0004468909999104653
0.0006549339998400683
0.0006124110000200744
0.0006347369999275543
0.0004912570000215055
0.0006291839999903459
0.0004972770000222226
0.0006335470000067289
0.0005591560000084428
0.0006315329999324604
0.0005712480001420772
0.0006375190000653674
0.0004176429999915854
0.0006477580000137095
0.0005029469998589775
0.0006793919999381615
0.00047215200015671144
0.0006789489998482168
0.0005800869998893177
0.0006659180000951892
0.0005102150000766414
0.0006913980000717856
0.0006676519999473385
0.0006554030001097999
0.000520351999966806
0.0006741390000115643
0.0005526810000446858
0.0006901609999658831
0.0005772889999207109
0.0006908079999448091
0.0004733989999294863
0.0006559460000516992
0.000630720999879486
0.0006473519999872224
0.0005230040001151792
0.0006540769998082396
0.00043989999994664686
0.0006553130001520913
0.00042574500002956484
0.0006585520000044198
0.0004190570000446314
0.0006300299999111303
0.0005136810000294645
0.000640380000049845
0.00045732800003861485
0.0006498360000932735
0.0005403620000379306
0.0006323620000330266
0.0004933550001169351
0.0006224799999472452
0.0005224209999141749
0.0006317340000805416
0.0004102919999695587
0.0006392010000126902
0.000474279999934879
0.0006392349998805003
0.0005640879999191384
0.0006377610000072309
0.0005337310001323203
0.0006297229999745468
0.0005167690001144365
0.000626403999831382
0.0004884390000370331
0.0006130530000518775
0.000439524000057645
0.0006413910000446776
0.0005209330001889612
0.00064786500001901
0.000503666999975394
0.0006363029999647551
0.0005734720000418747
0.0006329410000489588
0.0006455380000716104
0.0006461909999870841
0.00046291700004985614
0.0006460029999288963
0.000544291000096564
0.0006338470000173402
0.00045529299995905603
0.000644264000129624
0.0006199729998570547
0.0006691439998576243
0.0005737339999996038
0.0006502809999346937
0.00048306200005754363
0.0006428809999761143
0.0005311530001108622
0.0006387000000813714
0.0005113160000291828
0.0006655329998466186
0.0005019440000069153
0.0006294029999480699
0.0005196009997234796
0.0006440100000872917
0.0004824709999411425
0.0006408340000234602
0.0004986160001863027
0.0006430759999602742
0.000485745999867504
0.0006466499999078223
0.000546715999917069
0.0006418869998014998
0.0004515609998634318
0.0006577320000360487
0.0005096790000607143
0.0006436240000766702
0.0005773490001956816
0.0006288029999268474
0.0005203059999985271
0.0006363980000969605
0.0004826190001949726
0.0006552019999617187
0.0006395710001925181
0.0006344149996948545
0.0004698630000348203
0.0006332539996947162
0.0004586330001075112
0.0006448800004363875
0.0005853869997736183
0.0006451879999076482
0.0005966590001662553
0.000633775000096648
0.00044094800023231073
0.0006747100001120998
0.000610220999988087
0.0006591879996449279
0.0005370519997995871
0.0006688280000162194
0.0005274949999147793
0.0006641999998464598
0.0006562519997714844
0.0006538399998134992
0.0005173910003577475
0.0006682539997200365
0.0005144649999238027
0.0006715419999636651
0.0007353860000876011
0.0006896730001244578
0.0005457250003928493
0.0006452790003095288
0.000523326000347879
0.0006617899998673238
0.0005987829999867245
0.000672088000101212
0.0005045620000601048
0.0006533379996653821
0.00046745700001338264
0.0006958320000194362
0.00048376100039604353
0.0006256690003283438
0.0005048440002610732
0.0006482110002252739
0.00048775699997349875
0.0006802839998272248
0.0005272289999993518
0.0006540849999510101
0.000454422000075283
0.0006564629998138116
0.0005410869998740964
0.0006508859996756655
0.0005421930000011344
0.0006421680000130436
0.0005312390003382461
0.0006161249998513085
0.00045683100006499444
0.000634571999853506
0.00047828200013100286
0.000639995999790699
0.0004479089998312702
0.0006493209998552629
0.0004565700000966899
0.0006391439997059933
0.0005660319998241903
0.000654157000099076
0.0005501939999703609
0.0006589360000361921
0.0006164599999465281
0.0006824219999543857
0.0005793860000267159
0.0006592820000150823
0.0005743619999520888
0.0006697740000163321
0.0006056040001567453
0.000634407000234205
0.00047579500005667796
0.0006088100003580621
0.0004730819996439095
0.0006693159998576448
0.0005250879999039171
0.0006419880000976264
0.0005881689999114315
0.0006701219999740715
0.0005129729997861432
0.0006578429997716739
0.000612138999713352
0.0006322859999272623
0.0004289580001568538
0.0006537720000778791
0.00046795199978078017
0.000632774000223435
0.0004645369999707327
0.0006581650000043737
0.00047674699999333825
0.0006126059997768607
0.0005660850001731887
0.0006520480001199758
0.0005527640000764222
0.0006352830000651011
0.0004869089998464915
0.0006342289998428896
0.0005370070002754801
0.0006515029999718536
0.0005910440004299744
0.0006501060001937731
0.001271519000056287
0.0006375620000653726
0.00045550799995908164
0.0006356109997796011
0.00041643900021881564
0.0006222160000106669
0.000490289000026678
0.0006311490001280617
0.000585305999720731
0.0006793830002607137
0.0004569249999804015
0.0006570030000148108
0.0006402250000974163
0.000639009999758855
0.0006323550001070544
0.0006315730001915654
0.0004959160000908014
0.0007008299999142764
0.00048098700017362717
0.0006641840000156662
0.0004766739998558478
0.0006911609998496715
0.0004888749999736319
0.0006750820002707769
0.0004542100000435312
0.0006692050001220196
0.0005558730003940582
0.0006539979999615753
0.0005336710000847233
0.0006852239998806908
0.0005504209998434817
0.0006901679998918553
0.000477228999898216
0.0006463629997597309
0.0005223460002525826
0.0006398420000550686
0.000493726000058814
0.0006658620000052906
0.0005409560003499791
0.0006725799999003357
0.0005164019999028824
0.0006570380000994192
0.0012969739996151475
0.0006760199999007455
0.0006298289999904227
0.0006815430001552159
0.0005045910002081655
0.0006595929999093642
0.0006178640001053282
0.0006614730000364943
0.0005329000000529049
0.0006438519999392156
0.0005573069997808489
0.0006230630001482496
0.0004891739999948186
0.0006438219998017303
0.00042119299996556947
0.0006414389999918058
0.0005391979998421448
0.0006532990000778227
0.0004922490002172708
0.0006526150000354392
0.0006067979998078954
0.0006100840000726748
0.0004653840001083154
0.000625580999894737
0.00046950499972808757
0.0006510920002256171
0.0004782619998877635
0.0006131869999990158
0.00045749799983241246
0.0006422369997380883
0.0005267269998512347
0.0006318060000012338
0.0004876000002695946
0.0006062090001250908
0.0004398650003167859
0.0006538929997077503
0.0004721919999610691
0.0006624130001000594
0.0004998949998480384
0.0006294390000221028
0.00045822799984307494
0.0006396720000338973
0.0005171239999981481
0.0006423989998438628
0.0005690299999514536
0.0006323350003185624
0.0005242669999461214
0.0006304739999904996
0.0005022730001655873
0.0006510940002044663
0.0005198609997023595
0.0006327350001811283
0.0004091069999958563
0.0006559430003107991
0.0005949589999545424
0.0006364449995999166
0.0005785169996670447
0.0006648029998359561
0.0005095010001241462
0.0006384439998328162
0.0004961869999533519
0.000631702999726258
0.0004321999999774562
0.0006343770000967197
0.0005522849996850709
0.0006438069999603613
0.0004838039999413013
0.0006477100000665814
0.0005542959997910657
0.0006437830002141709
0.0005092669998703059
0.0006287709998105129
0.0005837310000060825
0.0006145310003375926
0.0005807819998153718
0.0006350290000227687
0.0004814090002582816
0.0006575509996764595
0.0005354549998628499
0.0006594980000045325
0.0004788119999830087
0.0006466670001827879
0.0005271219997666776
0.0006591430001208209
0.0005113060001349368
0.000669615999868256
0.0005521559996850556
0.000671722999868507
0.0005903589999434189
0.0006686099995931727
0.00048332699998354656
0.0006719309999425604
0.0006800179999117972
0.0006660559997726523
0.0005213710001044092
0.0006697250000797794
0.00060066200012443
0.0006691319999845291
0.0005578850000347302
0.0006362230001286662
0.0004484020000745659
0.0006697279995933059
0.0005796270002065285
0.0006682130001536279
0.0005838399997628585
0.0006363840002450161
0.00053619099981006
0.000619863999872905
0.0004911219998575689
0.0006623149997722066
0.0006138710000413994
0.0006567559998984507
0.0005343149996406282
0.0006721729996570502
0.0005910660001973156
0.0006451919998653466
0.0005096320001030108
0.0006666049998784729
0.0005502379999597906
0.0006513140001516149
0.000610884000252554
0.0006683130000055826
0.0006653299997196882
0.0006363219999911962
0.0006033180002305016
0.0006395850000444625
0.0005094560001452919
0.0006162409999888041
0.00047706000032121665
0.0006495389998235623
0.000476237999919249
0.000648254000225279
0.0005945920001977356
0.0006565639996551909
0.000408956999763177
0.000631259999863687
0.0004959500001859851
0.0006357449997267395
0.0005024140000386978
0.0006335029997899255
0.0005459859999064065
0.0006365180001921544
0.0006087930000830966
0.000641948000065895
0.0006084290002945636
0.0006402599997272773
0.0005689820000043255
0.0006490280002253712
0.0006141529997876205
0.0006500700001197401
0.0005697420001524733
0.0006466780000664585
0.0005517539998436405
0.0006601150003007206
0.0005614479996438604
0.0006299789997683547
0.0005203189998610469
0.0006395370000973344
0.0005522590004147787
0.0006446659999710391
0.000507765999827825
0.000649916999918787
0.0004956190000484639
0.0006275100004131673
0.00048410899989903555
0.0006539519999932963
0.0004732219999823428
0.0006325780000224768
0.0005523529998754384
0.0006120359998931235
0.0004782699998031603
0.0006571980002263444
0.0005028919999858772
0.0006417199997486023
0.0004724329996861343
0.0006488549997811788
0.0005927719998908287
0.0006539209998663864
0.0006147869999040267
0.0006302990000222053
0.0004789449999407225
0.0006525080002575123
0.0006359569997584913
0.0006560580000041227
0.000622812000074191
0.0006339500000649423
0.0005285470001581416
0.0006239250001272012
0.00045111199960956583
0.0006357269999170967
0.0005555269999604207
0.0006698280003547552
0.0006060430000616179
0.0006842110001343826
0.0005222489999141544
0.0006672029999208462
0.0006177509999361064
0.0006653059999734978
0.0005341510000107519
0.0006914030000189086
0.000505006999901525
0.0006692960000691528
0.0005001740000807331
0.0006876809998175304
0.0004419169999891892
0.0007138789997043204
0.0005674620001627773
0.0006139880001683196
0.0005903599999328435
0.0006397550000656338
0.0005302270001266152
0.000642292000065936
0.0004608659996847564
0.0006533710002258886
0.00043074600034742616
0.0006364570003825065
0.0004957520000061777
0.0006658040001639165
0.0006159340000522207
0.0006529029997182079
0.00047023199977047625
0.0006525109997710388
0.0006243109996830754
0.0006457800000134739
0.0005806499998470827
0.0006855640003777808
0.0005713000000469037
0.0006509840000035183
0.0005488980000336596
0.0006416440000975854
0.000613078999776917
0.0006403500001397333
0.0006147190001684066
0.0006422630003726226
0.0011784240000451973
0.0006547650000356953
0.0005327150001903647
0.0006546549998347473
0.0004962210000485356
0.0006461359998866101
0.0005574730002990691
0.0006633960001636297
0.0005696079997505876
0.0006698039996990701
0.00041169299993271125
0.0006455030002143758
0.0005349480002223572
0.0006593880002583319
0.0012502670001595106
0.000650698999834276
0.000506834000134404
0.0006751939999958267
0.0005055860001448309
0.0006505050000669144
0.0005540320003092347
0.0006281400001171278
0.0012390470001264475
0.0006276489998526813
0.0006267559997468197
0.0006197269999574928
0.0005358789999263536
0.0006672929998785548
0.0005305489999045676
0.0006416879996322677
0.00046480699984385865
0.0006499999999505235
0.0005150949996277632
0.0006232729997464048
0.0004772479996972834
0.0006354250003823836
0.0004642229996534297
0.0006899989998601086
0.0004688239996539778
0.0006531659996653616
0.0005106829999022011
0.0006402430003618065
0.0005402709998634236
0.0006201920000421524
0.0004759469998134591
0.0006373689998326881
0.0004925490002278821
0.0006390339999597927
0.0005807910001749406
0.0006401640002877684
0.0004567350001707382
0.0006347429998641019
0.0004698669999925187
0.0006252550001590862
0.0004360850002740335
0.0006366570000864158
0.0005004590002499754
0.0006384240000443242
0.0004544610001175897
0.0006469859999924665
0.0004870749999099644
0.00063965300023483
0.0005564200000662822
0.000624560000233032
0.0005916990003242972
0.0006795399999646179
0.0004898639999737497
0.0006674139999631734
0.0006152889995973965
0.0006700919998365862
0.0005217210000409978
0.0006648000003224297
0.00054025500003263
0.000662155999634706
0.0005147639999449893
0.0006817290000071807
0.0005663659999299853
0.0006640609999521985
0.0004867900001954695
0.0007015619999037881
0.0004913920001854422
0.000645483999960561
0.0005428720000963949
0.0006358499999805645
0.000520388000040839
0.0006455319999076892
0.0005003159999432683
0.00065979500004687
0.0006125459999566374
0.000645055999939359
0.0006132560001788079
0.0006193019999045646
0.0027205799997318536
0.0006479700000454613
0.0005926359999648412
0.0006383810000443191
0.0004581989996950142
0.0006344459998217644
0.0005017150001549453
0.0006396959997800877
0.0004550050002762873
0.0006618080001317139
0.000606220999998186
0.0006234720003703842
0.0004563120000966592
0.0006385100000443344
0.0005993429999762157
0.0006511719998343324
0.0006382040000971756
0.0006371770000441757
0.0005015469996578759
0.0006470260000241979
0.0006020740001986269
0.0006510299999717972
0.000593062000007194
0.0006305199999587785
0.0005886759995519242
0.0006356690000757226
0.0005242509996605804
0.0006060939999770198
0.00046223700019254466
0.0006440990000555757
0.0005044849999649159
0.0006394250003722846
0.000573368000004848
0.0006512859999929788
0.00046651100001326995
0.0006461140001192689
0.000814227999853756
0.0006302950000645069
0.00048100499998326995
0.0006350969997583888
0.00045738500011793803
0.0006572130000677134
0.002624082000238559
0.0006704050001644646
0.0006305979995886446
0.0006440359998123313
0.0005017620001126488
0.0006265389997679449
0.00046115099985399866
0.000634542000170768
0.0005449239997687982
0.0006355860000439861
0.0005795959996248712
0.0006772899996576598
0.0005371859997467254
0.0006346349996420031
0.0006089280000196595
0.000645613999950001
0.0006146139999145817
0.0006677559999843652
0.0005052930000601918
0.0006554230003530392
0.0005631929998344276
0.0006443560000661819
0.0005119110001032823
0.0006642090002060286
0.0005285679999360582
0.0006383589998222305
0.0005747799996242975
0.0006124540000200795
0.0005339269996511575
0.0006634269998357922
0.0005097809998915181
0.0006721179997839499
0.0005563730001085787
0.0006436329999814916
0.000642496000182291
0.0006464049997703114
0.0005684250004378555
0.0006360019997373456
0.0005672470001627516
0.0006754649998583773
0.0006448710000768187
0.0006970899999032554
0.0005901010003981355
0.0006804829999964568
0.0006245909999051946
0.0006771039998056949
0.0004630950002137979
0.0006817510002292693
0.0005188760001146875
0.0006700099997942743
0.0005183499997656327
0.0006644949999099481
0.0005950189997747657
0.0006673379998574092
0.0005099919999338454
0.0006443070001296292
0.0005043399996793596
0.000700169000083406
0.0004980510002496885
0.0006327579999378941
0.0004905800001324678
0.0006473080002251663
0.0004967639997630613
0.0006371730000864773
0.000424099000156275
0.0006577629997082113
0.0005048590001024422
0.0006391180004357011
0.0005086090000077093
0.0006340909999380528
0.0006051889999980631
0.0006452249999711057
0.0005101260003357311
0.0006490400000984664
0.0006376510000336566
0.000642775999949663
0.0005042079997110704
0.0006381840003086836
0.0006605369999306276
0.0006452120001085859
0.0004883840001639328
0.0006650919999628968
0.0005024070001127257
0.0006288859999585839
0.0005318109997460851
0.00064330900022469
0.0005261810001684353
0.0006316070002867491
0.0005064189999757218
0.0006390460002876353
0.0005925999998908082
0.0006513519997497497
0.0006063400001039554
0.0006425490000765421
0.0005662919998030702
0.0006227200001376332
0.0005187060000935162
0.0006806050000705
0.0005434810000224388
0.0006177770001158933
0.00047602299991922337
0.000635668000086298
0.0006277829997998197
0.0006384059997799341
0.00044181800012665917
0.0006154180000521592
0.000529864999862184
0.0006435959999180341
0.0005019679997531057
0.000655441000162682
0.0004901369998151495
0.0006568499998138577
0.00045865299989600317
0.0006459510000240698
0.0005372669997996127
0.0006389479999597825
0.0005793789996459964
0.0006363490001604077
0.0004744560001199716
0.0006254350000745035
0.0004691099998126447
0.0006560609999723965
0.0006099440001889889
0.0006387280000126339
0.0005237610002950532
0.0006288099998528196
0.0005085110001346038
0.0006157109996820509
0.000530896999862307
0.0006410239998331235
0.0006504190000669041
0.0006281830001171329
0.000636071000371885
0.0006265219999477267
0.0027723950001927733
0.0006370230003085453
0.0004925090001961507
0.0006325060003291583
0.0005674330000147165
0.0006336659998851246
0.0004922190000797855
0.0006402629996955511
0.000506644999859418
0.0006322700000964687
0.00048214900016319007
0.0006384339999385702
0.00048460100015290664
0.0006565120002051117
0.000493894000101136
0.0006436970002141607
0.00044076100039092125
0.0006598780000786064
0.0006274359998315049
0.0006886249998387939
0.0004985479999959352
0.0006869479998385941
0.0004998879999220662
0.000643391999801679
0.0005289529999572551
0.0006772920000912563
0.0005388590002439742
0.0007264210003086191
0.0005853279999428196
0.0006447050000133459
0.0005046510000283888
0.0006527460000143037
0.0006118630003584258
0.0006634049996137037
0.0005902139996578626
0.000638342999991437
0.0005794440003228374
0.0006723350002175721
0.0005500079996636487
0.0006429860000025656
0.0004934590001539618
0.0006584419998034718
0.0006333410001388984
0.0006396029998541053
0.0006370200003402715
0.000668670999857568
0.0004304480003156641
0.0006510900002467679
0.0005679099999724713
0.0006266739997045079
0.00042483800007175887
0.000647836000098323
0.0005775430004177906