0.00279712677002
0.00117993354797
0.00114393234253
0.00106406211853
0.00117111206055
0.00106406211853
0.00120782852173
0.0010449886322
0.00111293792725
0.00103306770325
0.00110197067261
0.00103497505188
0.00114703178406
0.0010941028595
0.0010678768158
0.00108599662781
0.00106406211853
0.00105094909668
0.00110483169556
0.00104379653931
0.00104188919067
0.00106310844421
0.00106692314148
0.00108885765076
0.00111484527588
0.0011100769043
0.00116896629333
0.00107598304749
0.00115919113159
0.00107097625732
0.00115203857422
0.00104689598083
0.00105500221252
0.00120997428894
0.00114989280701
0.00111198425293
0.0011351108551
0.00108504295349
0.0011739730835
0.00104689598083
0.00107407569885
0.00103783607483
0.00110602378845
0.00107312202454
0.00113892555237
0.00106191635132
0.00113987922668
0.00107002258301
0.00115203857422
0.000986099243164
0.001060962677
0.00103998184204
0.0011100769043
0.0010027885437
0.0011100769043
0.00102591514587
0.00123405456543
0.00109386444092
0.00110697746277
0.0010769367218
0.00107312202454
0.00107908248901
0.00111985206604
0.00107598304749
0.00110507011414
0.0010838508606
0.00120806694031
0.00107407569885
0.0011579990387
0.00106883049011
0.00109910964966
0.000968933105469
0.00111198425293
0.00109100341797
0.00109696388245
0.00103116035461
0.00108909606934
0.00107383728027
0.00114607810974
0.00102186203003
0.00115394592285
0.0010941028595
0.00113415718079
0.00106501579285
0.00110697746277
0.00110912322998
0.00112700462341
0.00108289718628
0.00110292434692
0.00109887123108
0.00112009048462
0.00104594230652
0.00111413002014
0.00104403495789
0.00106120109558
0.0010781288147
0.00114297866821
0.00103688240051
0.00112795829773
0.00110697746277
0.00119709968567
0.0010769367218
0.0011100769043
0.00105500221252
0.00110292434692
0.00107097625732
0.00115013122559
0.0010769367218
0.00112009048462
0.00109219551086
0.0011260509491
0.00108504295349
0.00113296508789
0.00101089477539
0.00105381011963
0.00109100341797
0.00118207931519
0.00105118751526
0.00109195709229
0.00107884407043
0.00117897987366
0.00108504295349
0.00118088722229
0.00112104415894
0.00114512443542
0.00107502937317
0.00117206573486
0.00106716156006
0.00113105773926
0.0010781288147
0.00112295150757
0.00110006332397
0.00109601020813
0.00109577178955
0.00116109848022
0.00109004974365
0.00116300582886
0.00103282928467
0.001140832901
0.00111198425293
0.00115895271301
0.0010712146759
0.00116395950317
0.00100708007812
0.0010621547699
0.00111603736877
0.00117111206055
0.00108885765076
0.00103497505188
0.00119805335999
0.00113797187805
0.0010449886322
0.0010929107666
0.00102996826172
0.00119781494141
0.00112390518188
0.00111794471741
0.00112390518188
0.00109100341797
0.00103998184204
0.00110006332397
0.0010461807251
0.00114393234253
0.00111103057861
0.00116991996765
0.0011100769043
0.00117111206055
0.0011351108551
0.00120115280151
0.00105810165405
0.00121712684631
0.00105404853821
0.00125789642334
0.00110697746277
0.00117015838623
0.00105094909668
0.0012001991272
0.00107192993164
0.00117588043213
0.00103116035461
0.00120401382446
0.00102496147156
0.00117897987366
0.00106501579285
0.00113987922668
0.00104308128357
0.00121188163757
0.00104117393494
0.00122094154358
0.00107383728027
0.00119400024414
0.00108194351196
0.00115489959717
0.0010449886322
0.00122308731079
0.00108599662781
0.00118112564087
0.00109910964966
0.00116515159607
0.00109601020813
0.0011670589447
0.00105619430542
0.00108623504639
0.00110197067261
0.00118088722229
0.00109386444092
0.00119209289551
0.00104999542236
0.00112915039062
0.00107288360596
0.00120878219604
0.00112795829773
0.00114107131958
0.00107622146606
0.00111389160156
0.00104904174805
0.00114798545837
0.00104784965515
0.00118589401245
0.00108003616333
0.00117707252502
0.00109100341797
0.00119519233704
0.00109481811523
0.00120306015015
0.00108408927917
0.00115323066711
0.00108289718628
0.00118088722229
0.00102615356445
0.00113391876221
0.0011088848114
0.0011100769043
0.00113606452942
0.00120496749878
0.00107192993164
0.0011739730835
0.00110101699829
0.0011830329895
0.00109601020813
0.00118398666382
0.00103998184204
0.00111389160156
0.00106811523438
0.00115513801575
0.00108408927917
0.00113892555237
0.00108695030212
0.00119304656982
0.00104904174805
0.00119113922119
0.00105881690979
0.00116491317749
0.00107383728027
0.00111293792725
0.0011031627655
0.00118803977966
0.00103211402893
0.00120902061462
0.00105977058411
0.00117301940918
0.00107502937317
0.00117301940918
0.00108909606934
0.00114297866821
0.00111818313599
0.00117206573486
0.00108814239502
0.00113487243652
0.00110697746277
0.00119495391846
0.00106811523438
0.00119280815125
0.00106120109558
0.00111389160156
0.00111198425293
0.00119781494141
0.00107002258301
0.00115489959717
0.00109505653381
0.00121712684631
0.00107598304749
0.00122809410095
0.00107717514038
0.00119113922119
0.00107002258301
0.00114417076111
0.00109791755676
0.00117993354797
0.00107312202454
0.00120210647583
0.00106382369995
0.00117897987366
0.00106120109558
0.00118207931519
0.00110197067261
0.0011990070343
0.00105905532837
0.00119996070862
0.00107598304749
0.00110793113708
0.00108909606934
0.00108504295349
0.00110912322998
0.00119495391846
0.00110602378845
0.00119304656982
0.00113105773926
0.00115394592285
0.00107479095459
0.00117707252502
0.00107192993164
0.00117206573486
0.00106596946716
0.00118207931519
0.00107502937317
0.00116205215454
0.00111889839172
0.00117015838623
0.00111889839172
0.00116610527039
0.00103998184204
0.00111293792725
0.00101709365845
0.00122594833374
0.00107622146606
0.0012149810791
0.00107598304749
0.00118398666382
0.00107908248901
0.00107002258301
0.00113701820374
0.00117707252502
0.00112318992615
0.00117897987366
0.00109100341797
0.00117897987366
0.00106501579285
0.00120496749878
0.00108885765076
0.00120711326599
0.00107502937317
0.0011739730835
0.00110101699829
0.00114989280701
0.00109386444092
0.00117897987366
0.00102806091309
0.00111103057861
0.00102710723877
0.00122308731079
0.000999927520752
0.00115990638733
0.00108695030212
0.00121092796326
0.00108504295349
0.00122499465942
0.00106620788574
0.00120401382446
0.00108194351196
0.00117611885071
0.00107312202454
0.00116586685181
0.00104904174805
0.00118112564087
0.00107288360596
0.00120902061462
0.00107908248901
0.00117897987366
0.00108599662781
0.00115704536438
0.00106811523438
0.00115895271301
0.00103902816772
0.00124502182007
0.0010359287262
0.00108098983765
0.0010998249054
0.00107598304749
0.00109791755676
0.00116300582886
0.00104904174805
0.00117707252502
0.00101804733276
0.0011579990387
0.00111794471741
0.0011739730835
0.00108885765076
0.00121808052063
0.00109887123108
0.00113296508789
0.000992059707642
0.00112700462341
0.00113415718079
0.00113487243652
0.00105690956116
0.00128483772278
0.00110912322998
0.00119709968567
0.00109195709229
0.00112199783325
0.00105905532837
0.00119614601135
0.00108814239502
0.00116181373596
0.0010838508606
0.00114297866821
0.00104808807373
0.00122880935669
0.00107407569885
0.0011579990387
0.00108504295349
0.00119709968567
0.00111079216003
0.00122594833374
0.0010781288147
0.00116109848022
0.0010941028595
0.00124192237854
0.00103116035461
0.00114607810974
0.00110507011414
0.00118207931519
0.00107598304749
0.00114583969116
0.00106477737427
0.00116682052612
0.00103282928467
0.0011990070343
0.0010929107666
0.00116014480591
0.00110697746277
0.00118207931519
0.00106501579285
0.00113892555237
0.00102996826172
0.0011899471283
0.00110912322998
0.00117683410645
0.00106000900269
0.00113487243652
0.00104904174805
0.00123500823975
0.001051902771
0.00119400024414
0.00106716156006
0.00119090080261
0.00106501579285
0.00119996070862
0.0010838508606
0.00117301940918
0.00105404853821
0.00114893913269
0.00112104415894
0.00119185447693
0.00109100341797
0.00120186805725
0.00107216835022
0.0012149810791
0.00105810165405
0.00117111206055
0.0011100769043
0.00120306015015
0.0010359287262
0.00122904777527
0.00112104415894
0.0011830329895
0.001051902771
0.00119996070862
0.00108289718628
0.00113105773926
0.00107288360596
0.00116300582886
0.00109100341797
0.00120210647583
0.00108218193054
0.00121283531189
0.00110411643982
0.00117087364197
0.00106596946716
0.0011420249939
0.00110197067261
0.00119709968567
0.00106406211853
0.00118494033813
0.00108909606934
0.00119209289551
0.00111889839172
0.00118398666382
0.00106811523438
0.00118494033813
0.00108003616333
0.0011510848999
0.00102210044861
0.00116896629333
0.00108695030212
0.00116086006165
0.00106406211853
0.00121593475342
0.00102806091309
0.00119495391846
0.00105500221252
0.00118494033813
0.00110411643982
0.00119280815125
0.00105786323547
0.00118613243103
0.00103116035461
0.00116682052612
0.00106811523438
0.00117516517639
0.0010781288147
0.00123810768127
0.00108909606934
0.00114703178406
0.00108098983765
0.0011568069458
0.00103092193604
0.00113606452942
0.00109696388245
0.00122094154358
0.00109887123108
0.00121808052063
0.00109887123108
0.00119996070862
0.00109004974365
0.00114107131958
0.00111389160156
0.00115394592285
0.00107884407043
0.00116086006165
0.00104093551636
0.00113391876221
0.00105285644531
0.00125694274902
0.00104594230652
0.00118708610535
0.00111079216003
0.0012309551239
0.00106501579285
0.00124907493591
0.00109505653381
0.00118494033813
0.00106906890869
0.00121593475342
0.00105094909668
0.00120210647583
0.00111293792725
0.00116515159607
0.0010449886322
0.00120902061462
0.00112080574036
0.00125908851624
0.00105500221252
0.00117993354797
0.00106596946716
0.00117206573486
0.00105690956116
0.00119709968567
0.00103116035461
0.00116300582886
0.00106716156006
0.00119304656982
0.00105404853821
0.00116610527039
0.0010199546814
0.00114798545837
0.00109505653381
0.00120806694031
0.00101804733276
0.00118589401245
0.00111699104309
0.00120115280151
0.00103998184204
0.00116610527039
0.00109910964966
0.00120615959167
0.00105381011963
0.00116205215454
0.00106596946716
0.00122022628784
0.0010769367218
0.00119805335999
0.00106596946716
0.0012149810791
0.00103807449341
0.00121593475342
0.0010871887207
0.00114488601685
0.00103116035461
0.00114011764526
0.00107502937317
0.00116610527039
0.00105309486389
0.0012149810791
0.00107192993164
0.00116395950317
0.00108909606934
0.00116515159607
0.00110983848572
0.00115418434143
0.00106692314148
0.00120496749878
0.00109791755676
0.00121092796326
0.000982999801636
0.00120902061462
0.0010769367218
0.0012149810791
0.00103211402893
0.00116300582886
0.00108790397644
0.00120186805725
0.0010359287262
0.00118589401245
0.00106191635132
0.00118899345398
0.00110197067261
0.00112199783325
0.00110292434692
0.00118613243103
0.00106477737427
0.00105810165405
0.00104689598083
0.00118780136108
0.0010941028595
0.00119519233704
0.00102210044861
0.00127601623535
0.00109887123108
0.00122690200806
0.00105595588684
0.00115704536438
0.00110220909119
0.00118207931519
0.0010781288147
0.00117588043213
0.00110912322998
0.00119209289551
0.00105595588684
0.00112986564636
0.00102710723877
0.00119090080261
0.00106906890869
0.00114011764526
0.00104689598083
0.00122404098511
0.00106310844421
0.00124096870422
0.00110006332397
0.0012309551239
0.00103116035461
0.0012309551239
0.001060962677
0.00114607810974
0.00111103057861
0.0011830329895
0.00105309486389
0.00115895271301
0.00103282928467
0.00116014480591
0.00112080574036
0.00121903419495
0.00109505653381
0.00116205215454
0.00110292434692
0.0011739730835
0.00108289718628
0.00120306015015
0.00107312202454
0.00114798545837
0.00104594230652
0.00116181373596
0.00108814239502
0.00111985206604
0.00110411643982
0.00119400024414
0.00104379653931
0.00118494033813
0.00102019309998
0.00117301940918
0.00107407569885
0.00113391876221
0.00105881690979
0.00117993354797
0.00111413002014
0.00116181373596
0.00107598304749
0.00119304656982
0.00106620788574
0.00116801261902
0.00107312202454
0.00120997428894
0.00106000900269
0.00112891197205
0.00109100341797
0.00114798545837
0.00103902816772
0.00111413002014
0.00112295150757
0.00114011764526
0.00106906890869
0.00119805335999
0.00109601020813
0.00114297866821
0.00111603736877
0.00115489959717
0.00105690956116
0.00116610527039
0.00109386444092
0.00120091438293
0.00110101699829
0.00121784210205
0.00105786323547
0.00117206573486
0.00105595588684
0.00115299224854
0.00107407569885
0.00117897987366
0.00104808807373
0.00127100944519
0.00105595588684
0.00113201141357
0.00102305412292
0.0011899471283
0.00108790397644
0.00113415718079
0.00109100341797
0.00117111206055
0.00103688240051
0.00118684768677
0.00112986564636
0.0011510848999
0.00107598304749
0.00116610527039
0.00112009048462
0.00117897987366
0.00111508369446
0.00118708610535
0.00110292434692
0.00118494033813
0.00104594230652
0.00118088722229
0.00106692314148
0.00118708610535
0.00109910964966
0.00117921829224
0.00109696388245
0.00118184089661
0.0010359287262
0.00114989280701
0.00109791755676
0.00113797187805
0.00107598304749
0.00115895271301
0.00107192993164
0.00116586685181
0.00109195709229
0.00118398666382
0.001060962677
0.00115299224854
0.00110220909119
0.00117707252502
0.00108003616333
0.00117492675781
0.00108504295349
0.00119209289551
0.00108790397644
0.00116086006165
0.00105404853821
0.00123310089111
0.00114488601685
0.00119590759277
0.00109696388245
0.00117897987366
0.00108504295349
0.00120711326599
0.00106501579285
0.00118684768677
0.00104188919067
0.00115203857422
0.00105905532837
0.0011260509491
0.00108408927917
0.00117897987366
0.00109195709229
0.00119805335999
0.00111699104309
0.00113606452942
0.00107717514038
0.00123000144958
0.00110578536987
0.00120401382446
0.00102710723877
0.00119400024414
0.00110101699829
0.00117015838623
0.0010941028595
0.00116515159607
0.00109100341797
0.00112414360046
0.00109100341797
0.00115895271301
0.00103783607483
0.00124287605286
0.00109696388245
0.00117993354797
0.00107502937317
0.00113606452942
0.00105810165405
0.00118207931519
0.0010130405426
0.00116300582886
0.00111103057861
0.00118899345398
0.0010130405426
0.00118589401245
0.00102806091309
0.00121593475342
0.00108695030212
0.00118684768677
0.00107622146606
0.00118279457092
0.00109100341797
0.00121307373047
0.00103902816772
0.00120186805725
0.00108098983765
0.0012059211731
0.00101017951965
0.00110816955566
0.0010621547699
0.00119590759277
0.0011248588562
0.00120401382446
0.00106811523438
0.00125503540039
0.00109910964966
0.00117182731628
0.00110101699829
0.00117707252502
0.00105500221252
0.00118494033813
0.00109601020813
0.00120115280151
0.00108003616333
0.00127911567688
0.00106406211853
0.00119209289551
0.00109601020813
0.00117802619934
0.00109100341797
0.0011670589447
0.00107789039612
0.00121998786926
0.00104880332947
0.00120401382446
0.00105500221252
0.00115513801575
0.00113606452942
0.00113606452942
0.00107002258301
0.0011990070343
0.00106000900269
0.00115299224854
0.00107288360596
0.00117301940918
0.0010130405426
0.00117588043213
0.00108313560486
0.00117206573486
0.00109314918518
0.0011579990387
0.00109195709229
0.00119495391846
0.00106906890869
0.00117611885071
0.00109100341797
0.00113296508789
0.00111508369446
0.00115489959717
0.00106596946716
0.00123286247253
0.00111508369446
0.00117206573486
0.00109195709229
0.00118184089661
0.00108695030212
0.00118589401245
0.00106406211853
0.0012149810791
0.00102710723877
0.00115489959717
0.00108289718628
0.0011670589447
0.00110101699829
0.00124406814575
0.00112700462341
0.00122213363647
0.00110006332397
0.0011670589447
0.00108504295349
0.00119590759277
0.00105595588684
0.00118708610535
0.00104808807373
0.00119805335999
0.00112104415894
0.0011990070343
0.00112414360046
0.00117802619934
0.00107598304749
0.0012321472168
0.00105905532837
0.00114989280701
0.00108504295349
0.00108003616333
0.00108194351196
0.00113296508789
0.00101590156555
0.00111198425293
0.00110578536987
0.00136113166809
0.00111889839172
0.00115990638733
0.00110507011414
0.00113320350647
0.00105714797974
0.00113701820374
0.00109601020813
0.00114583969116
0.00106811523438
0.00119304656982
0.0010769367218
0.00125694274902
0.00108504295349
0.00120711326599
0.00103902816772
0.00115704536438
0.00109100341797
0.00123596191406
0.00111413002014
0.00127601623535
0.00107002258301
0.00123405456543
0.00102305412292
0.00117611885071
0.00109100341797
0.00122499465942
0.00109314918518
0.00118494033813
0.00108003616333
0.00121212005615
0.00100088119507
0.0011670589447
0.0011157989502
0.00118780136108
0.00109910964966
0.00112891197205
0.00108599662781
0.00118088722229
0.00107002258301
0.00121402740479
0.001051902771
0.00117683410645
0.00106501579285
0.00116491317749
0.00109481811523
0.00122284889221
0.00107097625732
0.00121283531189
0.0010781288147
0.00120711326599
0.00109100341797
0.00118184089661
0.00109100341797
0.00120306015015
0.001051902771
0.00113010406494
0.001060962677
0.00114393234253
0.00110387802124
0.00114393234253
0.00105404853821
0.00122594833374
0.00106501579285
0.00119805335999
0.00106596946716
0.00116896629333
0.00109791755676
0.00119614601135
0.00109887123108
0.00119781494141
0.00108695030212
0.00122499465942
0.00102210044861
0.00120806694031
0.0010838508606
0.00114393234253
0.00108218193054
0.00114297866821
0.00107502937317
0.0011899471283
0.00109100341797
0.00121092796326
0.00110507011414
0.00121212005615
0.00106811523438
0.00121188163757
0.00105094909668
0.00119614601135
0.00110197067261
0.00114583969116
0.00106596946716
0.00121808052063
0.0011100769043
0.00112986564636
0.00104594230652
0.0011990070343
0.0010929107666
0.00113201141357
0.00107502937317
0.00119590759277
0.00107407569885
0.00123190879822
0.00104308128357
0.00114297866821
0.00108289718628
0.00113081932068
0.00108194351196
0.0012218952179
0.00108599662781
0.00118184089661
0.00111293792725
0.00116515159607
0.001060962677
0.00120806694031
0.00111103057861
0.00115489959717
0.00103402137756
0.00114512443542
0.00107192993164
0.00118517875671
0.001051902771
0.00113081932068
0.00109505653381
0.00114607810974
0.00106287002563
0.00120401382446
0.00108194351196
0.00116991996765
0.00103092193604
0.00119304656982
0.00106310844421
0.0012469291687
0.00106000900269
0.00120997428894
0.00102686882019
0.0011191368103
0.00112104415894
0.00118184089661
0.00108909606934
0.00113105773926
0.00101399421692
0.00112199783325
0.00112700462341
0.00119018554688
0.00107216835022
0.00123500823975
0.00106477737427
0.00121903419495
0.00109815597534
0.00103092193604
0.00107097625732
0.00111484527588
0.00107097625732
0.00119996070862
0.00110507011414
0.00113987922668
0.00110220909119
0.00117611885071
0.00110602378845
0.00111293792725
0.00110483169556
0.00117015838623
0.00107908248901
0.00122594833374
0.00110912322998
0.00117611885071
0.0010929107666
0.00117778778076
0.00104403495789
0.00119805335999
0.00106382369995
0.0011990070343
0.00108194351196
0.00120615959167
0.00107002258301
0.00122380256653
0.00103878974915
0.0011739730835
0.00107598304749
0.00121903419495
0.0011031627655
0.00113701820374
0.000998973846436
0.00113987922668
0.00108885765076
0.0011739730835
0.00108504295349
0.00115704536438
0.00112390518188
0.0011579990387
0.00106811523438
0.00112509727478
0.00106906890869
0.00111603736877
0.00102996826172
0.00117802619934
0.00107884407043
0.00118088722229
0.00115299224854
0.00119090080261
0.00107502937317
0.00117015838623
0.00109720230103
0.00116086006165
0.00107407569885
0.00121402740479
0.00106000900269
0.00125288963318
0.00104093551636
0.00117588043213
0.00107502937317
0.0011990070343
0.00104117393494
0.00115585327148
0.00110197067261
0.00117921829224
0.00108909606934
0.00121402740479
0.00108790397644
0.00122904777527
0.00105690956116
0.00121808052063
0.00109696388245
0.00117778778076
0.0010941028595
0.00124502182007
0.00111103057861
0.0011830329895
0.00111222267151
0.00110197067261
0.00106692314148
0.00117707252502
0.00110912322998
0.00120282173157
0.00108003616333
0.00117993354797
0.00105905532837
0.00118184089661
0.00108003616333
0.00123405456543
0.00107908248901
0.00119113922119
0.00110387802124
0.00122880935669
0.00103282928467
0.00118398666382
0.00107502937317
0.0012469291687
0.0010039806366
0.00115299224854
0.00116205215454
0.00122094154358
0.00786995887756
0.000884056091309
0.00106406211853
0.00119805335999
0.00107192993164
0.00123906135559
0.00108790397644
0.00115609169006
0.00104999542236
0.00117707252502
0.00112891197205
0.0012001991272
0.0010781288147
0.00115394592285
0.00107383728027
0.00131011009216
0.00107502937317
0.00115203857422
0.00110983848572
0.00127601623535
0.00110101699829
0.00116896629333
0.00113010406494
0.00121688842773
0.00110602378845
0.00121712684631
0.00102996826172
0.00116491317749
0.00103282928467
0.00118112564087
0.00111389160156
0.00120210647583
0.00112199783325
0.00122499465942
0.00111389160156
0.00119209289551
0.00109195709229
0.00122404098511
0.00110912322998
0.00120091438293
0.00112009048462
0.00122022628784
0.00110101699829
0.00120806694031
0.00107383728027
0.00124883651733
0.00104093551636
0.00123810768127
0.00113201141357
0.0011739730835
0.00103402137756
0.00118088722229
0.00106501579285
0.0012149810791
0.00110697746277
0.00113201141357
0.00107622146606
0.00118899345398
0.00110602378845
0.00123810768127
0.00112009048462
0.00120997428894
0.00113081932068
0.00121903419495
0.00112700462341
0.00113701820374
0.00109100341797
0.00122785568237
0.00106692314148
0.00123500823975
0.000990867614746
0.00111413002014
0.00112295150757
0.00113701820374
0.00105810165405
0.00125694274902
0.00105404853821
0.0011899471283
0.00107097625732
0.00122499465942
0.00111103057861
0.00121593475342
0.00106406211853
0.00120496749878
0.00109696388245
0.00117993354797
0.00102615356445
0.00114107131958
0.00114917755127
0.00118780136108
0.00114703178406
0.00116896629333
0.00109791755676
0.00118899345398
0.00108504295349
0.00122594833374
0.00109791755676
0.00125908851624
0.00107789039612
0.00127792358398
0.0011260509491
0.00124502182007
0.00111293792725
0.00121092796326
0.00112104415894
0.0012059211731
0.00115203857422
0.0011990070343
0.00111603736877
0.00120806694031
0.00112414360046
0.00119495391846
0.00107288360596
0.00117897987366
0.00107288360596
0.00116300582886
0.001060962677
0.00120306015015
0.00106406211853
0.00119996070862
0.00113296508789
0.00119113922119
0.00108981132507
0.00122809410095
0.00110197067261
0.00118684768677
0.00113582611084
0.00116801261902
0.00109601020813
0.0011670589447
0.00112199783325
0.00119495391846
0.0011088848114
0.00125193595886
0.0010769367218
0.00118517875671
0.0011191368103
0.00118589401245
0.00110697746277
0.00122213363647
0.0010769367218
0.00116300582886
0.00105690956116
0.00119590759277
0.0011579990387
0.00124096870422
0.00107383728027
0.00117087364197
0.00109887123108
0.00121307373047
0.00104808807373
0.00125002861023
0.00108098983765
0.00124907493591
0.0010769367218
0.00120306015015
0.00107192993164
0.00117897987366
0.00112509727478
0.0012481212616
0.00109481811523
0.00122594833374
0.00107502937317
0.00119400024414
0.00108003616333
0.00120186805725
0.0010039806366
0.00115704536438
0.00109004974365
0.00123620033264
0.00109910964966
0.00125098228455
0.00108194351196
0.00120091438293
0.00110411643982
0.00117206573486
0.00112009048462
0.0012378692627
0.00109386444092
0.00117897987366
0.0011100769043
0.00121998786926
0.00109004974365
0.00126791000366
0.00110602378845
0.00119614601135
0.00112700462341
0.00122594833374
0.00109314918518
0.00125193595886
0.0010929107666
0.0011990070343
0.00110006332397
0.00120306015015
0.0010871887207
0.00120186805725
0.00108790397644
0.00121378898621
0.00112700462341
0.00123405456543
0.001051902771
0.00112795829773
0.00104689598083
0.00116920471191
0.000993013381958
0.00113582611084
0.00115704536438
0.0012309551239
0.00107097625732
0.00118088722229
0.001140832901
0.00121688842773
0.00103712081909
0.00100302696228
0.00107312202454
0.0012149810791
0.00111103057861
0.00121712684631
0.00108218193054
0.00123906135559
0.00111079216003
0.00115394592285
0.00113701820374
0.00121784210205
0.00104904174805
0.00116109848022
0.0010769367218
0.00120997428894
0.00114393234253
0.0011830329895
0.00107502937317
0.0011990070343
0.00110101699829
0.00121188163757
0.00107908248901
0.00115609169006
0.00111603736877
0.00117802619934
0.0010929107666
0.00120902061462
0.00105881690979
0.00116801261902
0.00104093551636
0.0012059211731
0.0010929107666
0.00126194953918
0.00112199783325
0.00118708610535
0.00109100341797
0.00121688842773
0.00110697746277
0.00115203857422
0.00111794471741
0.00122594833374
0.00105500221252
0.00113797187805
0.0010769367218
0.00117707252502
0.00109505653381
0.00122594833374
0.00109195709229
0.00121998786926
0.00112104415894
0.00122594833374
0.00107288360596
0.00116801261902
0.00101613998413
0.00121998786926
0.00109887123108
0.00121021270752
0.00112414360046
0.00121092796326
0.00115203857422
0.001216173172
0.00106000900269
0.00122380256653
0.001060962677
0.00118708610535
0.00105404853821
0.00125694274902
0.00113606452942
0.00121808052063
0.00101780891418
0.00115299224854
0.00111699104309
0.0011990070343
0.0010998249054
0.00122714042664
0.00104904174805
0.00118708610535
0.0011088848114
0.0012059211731
0.001140832901
0.00121903419495
0.00110387802124
0.00114488601685
0.00109505653381
0.00121021270752
0.00110101699829
0.00122690200806
0.0010712146759
0.0011990070343
0.00107002258301
0.00119709968567
0.00113916397095
0.00119113922119
0.00113010406494
0.0011899471283
0.00104904174805
0.00116515159607
0.00106596946716
0.00113797187805
0.00104117393494
0.0012218952179
0.000997066497803
0.00123691558838
0.00109314918518
0.00130391120911
0.0011100769043
0.00118184089661
0.00109791755676
0.00124788284302
0.00109004974365
0.0011990070343
0.00113105773926
0.00117707252502
0.00108504295349
0.00116300582886
0.0011088848114
0.0011899471283
0.00103712081909
0.00119209289551
0.0011157989502
0.00117897987366
0.00108408927917
0.00121116638184
0.00108981132507
0.00120496749878
0.00112700462341
0.00125908851624
0.0010449886322
0.00120115280151
0.00112295150757
0.00126385688782
0.00112295150757
0.00115299224854
0.00109887123108
0.00114703178406
0.00107383728027
0.00119209289551
0.00109100341797
0.00121903419495
0.00108289718628
0.00119090080261
0.001140832901
0.0011739730835
0.00110507011414
0.00124311447144
0.0011191368103
0.00119400024414
0.00111794471741
0.00126910209656
0.0010678768158
0.00117802619934
0.00106596946716
0.00125479698181
0.00111198425293
0.00115585327148
0.00108814239502
0.00120306015015
0.00103402137756
0.00128698348999
0.00107502937317
0.0012059211731
0.00112891197205
0.00119209289551
0.00110793113708
0.00118398666382
0.0010769367218
0.0012149810791
0.00109505653381
0.00121593475342
0.00108194351196
0.00120997428894
0.00113797187805
0.00120902061462
0.00109004974365
0.00125098228455
0.00106501579285
0.00120711326599
0.00112581253052
0.00110602378845
0.00110983848572
0.00119805335999
0.00108313560486
0.00118494033813
0.00110006332397
0.00118398666382
0.00108909606934
0.00125885009766
0.00107502937317
0.00123691558838
0.001140832901
0.0012218952179
0.00110411643982
0.00120091438293
0.00104784965515
0.00122594833374
0.00109601020813
0.00115299224854
0.00111198425293
0.00125002861023
0.0011191368103
0.00123381614685
0.0011351108551
0.00120806694031
0.00112509727478
0.00123691558838
0.00111985206604
0.00116801261902
0.00108599662781
0.00122308731079
0.00109386444092
0.00114393234253
0.00110578536987
0.00116109848022
0.00111699104309
0.00117206573486
0.00110697746277
0.00122094154358
0.00110411643982
0.00117492675781
0.00105118751526
0.00121998786926
0.00111293792725
0.00117707252502
0.00106501579285
0.00119304656982
0.00112318992615
0.00121402740479
0.00111699104309
0.00118803977966
0.00110983848572
0.00121188163757
0.00105905532837
0.00121998786926
0.00115895271301
0.00123310089111
0.00107598304749
0.00120496749878
0.00109004974365
0.00116205215454
0.00106406211853
0.00120782852173
0.00110816955566
0.0011990070343
0.0011100769043
0.00123691558838
0.00105285644531
0.00119996070862
0.00107502937317
0.0012378692627
0.00111389160156
0.0012149810791
0.00102806091309
0.00111484527588
0.00106191635132
0.00117206573486
0.00108408927917
0.00126099586487
0.00112700462341
0.00119304656982
0.00107216835022
0.0011739730835
0.00102305412292
0.00116777420044
0.00111293792725
0.00126099586487
0.00106501579285
0.00122690200806
0.00111508369446
0.00113797187805
0.00112795829773
0.00111508369446
0.00106883049011
0.00123190879822
0.00107192993164
0.00121402740479
0.00110912322998
0.00116300582886
0.00107598304749
0.00121688842773
0.0011579990387
0.00119996070862
0.00105714797974
0.00120496749878
0.00112009048462
0.00122499465942
0.00109314918518
0.00124406814575
0.00104713439941
0.00118494033813
0.00111794471741
0.00124311447144
0.00110697746277
0.00118899345398
0.0011351108551
0.00121402740479
0.00108504295349
0.0012412071228
0.00111699104309
0.00126504898071
0.00105905532837
0.00109004974365
0.00109100341797
0.00120902061462
0.00114417076111
0.00120210647583
0.00104188919067
0.00122499465942
0.00113391876221
0.00116395950317
0.00112795829773
0.00114297866821
0.0011031627655
0.00122714042664
0.0011088848114
0.00124716758728
0.00104188919067
0.00118494033813
0.00110387802124
0.0011990070343
0.00106716156006
0.00120711326599
0.00106692314148
0.00117707252502
0.00112509727478
0.00119686126709
0.00107192993164
0.00118494033813
0.00114011764526
0.00123500823975
0.00110697746277
0.0011990070343
0.00109696388245
0.00116991996765
0.00102210044861
0.0011670589447
0.00112509727478
0.0012059211731
0.00106596946716
0.00114393234253
0.00115489959717
0.00116777420044
0.00113105773926
0.00116395950317
0.00109004974365
0.0011899471283
0.00112414360046
0.0012629032135
0.00110292434692
0.00120306015015
0.00109004974365
0.00116801261902
0.00110220909119
0.00122380256653
0.00110697746277
0.00129389762878
0.00109910964966
0.0014500617981
0.00110292434692
0.00122809410095
0.00103187561035
0.00119400024414
0.00109100341797
0.00117087364197
0.00112199783325
0.00117897987366
0.0011031627655
0.00120306015015
0.00106287002563
0.00120687484741
0.00111198425293
0.00121808052063
0.00111699104309
0.001216173172
0.00112891197205
0.00120687484741
0.0011260509491
0.0012001991272
0.00111818313599
0.0012149810791
0.00109815597534
0.00116491317749
0.00108599662781
0.00122594833374
0.00111389160156
0.00121188163757
0.00108003616333
0.00117111206055
0.00106692314148
0.00117588043213
0.00113415718079
0.00122213363647
0.00109004974365
0.00121688842773
0.0011270046234
0.00119304656982
0.00112700462341
0.00114798545837
0.00111699104309
0.00116491317749
0.00110006332397
0.00128984451294
0.00107789039612
0.00116014480591
0.00107598304749
0.00118613243103
0.00108218193054
0.00122404098511
0.00113010406494
0.00118899345398
0.00109386444092
0.00117778778076
0.00107598304749
0.00120711326599
0.00109505653381
0.00121092796326
0.00112199783325
0.00122308731079
0.00110793113708
0.00120401382446
0.00109505653381
0.00121688842773
0.00111103057861
0.0012378692627
0.00110197067261
0.00123405456543
0.00109314918518
0.00124311447144
0.00110816955566
0.00114583969116
0.00113105773926
0.00117516517639
0.00111317634583
0.00118494033813
0.00109386444092
0.00119805335999
0.00103998184204
0.00127005577087
0.00110721588135
0.00122594833374
0.00108289718628
0.0011260509491
0.00112199783325
0.00117588043213
0.00109386444092
0.00121903419495
0.00107598304749
0.00118494033813
0.00106382369995
0.00116300582886
0.00107502937317
0.00117087364197
0.00110507011414
0.00119090080261
0.00107479095459
0.00121212005615
0.00108790397644
0.00119996070862
0.00109004974365
0.00111508369446
0.0011420249939
0.00120806694031
0.00106501579285
0.00119209289551
0.00111103057861
0.0011990070343
0.00112009048462
0.00124192237854
0.00106596946716
0.00121998786926
0.00110292434692
0.00126695632935
0.00112509727478
0.00124597549438
0.00107383728027
0.00125408172607
0.00111293792725
0.00117802619934
0.00112104415894
0.00122618675232
0.00102996826172
0.00118899345398
0.00106596946716
0.00121283531189
0.00103807449341
0.00113797187805
0.00115203857422
0.00123500823975
0.00114703178406
0.00118803977966
0.00110697746277
0.00119090080261
0.00106406211853
0.00127506256104
0.00111508369446
0.00118613243103
0.00107288360596
0.0011990070343
0.00105404853821
0.00115489959717
0.0010929107666
0.00121998786926
0.00110387802124
0.00121116638184
0.00106716156006
0.00119018554688
0.00112891197205
0.00126385688782
0.00108909606934
0.00120902061462
0.00108313560486
0.00128388404846
0.00107598304749
0.00122308731079
0.00109505653381
0.00118589401245
0.00111603736877
0.0012309551239
0.00110816955566
0.00116586685181
0.00109100341797
0.00119709968567
0.00111699104309
0.00120401382446
0.00114393234253
0.00121402740479
0.00108003616333
0.00124216079712
0.00112295150757
0.00120902061462
0.00113701820374
0.00119996070862
0.00114011764526
0.00123190879822
0.00110793113708
0.00118803977966
0.00107908248901
0.00116991996765
0.00108218193054
0.00122094154358
0.00120496749878
0.00119805335999
0.00111985206604
0.0012218952179
0.00108695030212
0.0012309551239
0.00112199783325
0.0012059211731
0.00109195709229
0.00114297866821
0.00128293037415
0.00124597549438
0.00114011764526
0.0027117729187
0.00117707252502
0.00124096870422
0.00113105773926
0.00127506256104
0.00108814239502
0.00117492675781
0.00106692314148
0.00120496749878
0.00110006332397
0.00119018554688
0.0010838508606
0.00121808052063
0.00110697746277
0.00119185447693
0.00107288360596
0.00115203857422
0.00106596946716
0.00114417076111
0.00108289718628
0.00116395950317
0.00111293792725
0.00118088722229
0.00113320350647
0.00123715400696
0.00114798545837
0.00118398666382
0.0010769367218
0.00120902061462
0.00113487243652
0.00122094154358
0.0011260509491
0.0012149810791
0.0010769367218
0.00128602981567
0.00113296508789
0.00120091438293
0.00110292434692
0.00121212005615
0.00106811523438
0.00120282173157
0.00110793113708
0.00119996070862
0.00114297866821
0.00121402740479
0.00109601020813
0.00115704536438
0.00107407569885
0.00125288963318
0.00106382369995
0.00118494033813
0.00101613998413
0.00126504898071
0.00107288360596
0.00110197067261
0.00106501579285
0.00123691558838
0.00110101699829
0.00126099586487
0.00109696388245
0.00116205215454
0.00111317634583
0.0012059211731
0.00109481811523
0.00131297111511
0.00108981132507
0.00118708610535
0.00109195709229
0.00120401382446
0.00111889839172
0.00121092796326
0.001060962677
0.00126004219055
0.00110697746277
0.00122714042664
0.00106406211853
0.00120806694031
0.00110697746277
0.00118708610535
0.00109887123108
0.00123691558838
0.00110197067261
0.00124502182007
0.0011351108551
0.00121092796326
0.00109696388245
0.00118803977966
0.00115084648132
0.00126004219055
0.00104808807373
0.00117707252502
0.00110793113708
0.00122404098511
0.00107502937317
0.00126981735229
0.00107908248901
0.00119686126709
0.00107002258301
0.00111389160156
0.0010871887207
0.00119090080261
0.00104594230652
0.00112819671631
0.00108218193054
0.00127506256104
0.00107192993164
0.00115585327148
0.00112414360046
0.00123715400696
0.00107097625732
0.00119400024414
0.00115013122559
0.001216173172
0.00112700462341
0.00117087364197
0.0011351108551
0.0012218952179
0.00110101699829
0.00119996070862
0.00111413002014
0.00122809410095
0.00105619430542
0.00128507614136
0.00105905532837
0.00120496749878
0.00105595588684
0.00117802619934
0.00110793113708
0.00123000144958
0.00106692314148
0.00119304656982
0.0011088848114
0.00119781494141
0.00109601020813
0.00124597549438
0.000997066497803
0.00121879577637
0.00111508369446
0.00118708610535
0.00107383728027
0.00122117996216
0.00107908248901
0.00120210647583
0.00113797187805
0.00121808052063
0.00106000900269
0.00117993354797
0.00107908248901
0.00118899345398
0.0010461807251
0.00117516517639
0.00107789039612
0.00116586685181
0.00105810165405
0.00124502182007
0.00109004974365
0.00129294395447
0.00112795829773
0.00119304656982
0.00107789039612
0.00122308731079
0.00106596946716
0.00122785568237
0.00107789039612
0.00122904777527
0.00106716156006
0.00114607810974
0.00108289718628
0.00121903419495
0.00111389160156
0.00121307373047
0.00114107131958
0.00121593475342
0.0010941028595
0.00122094154358
0.00111317634583
0.00120711326599
0.00108098983765
0.00118803977966
0.00110816955566
0.00121092796326
0.00109505653381
0.00123715400696
0.00110507011414
0.0010130405426
0.00110292434692
0.00120782852173
0.00110387802124
0.00117111206055
0.00109481811523
0.00122308731079
0.00110912322998
0.00126194953918
0.00111389160156
0.00117802619934
0.00109195709229
0.0012059211731
0.00112795829773
0.00117492675781
0.00112199783325
0.00120091438293
0.00115585327148
0.00122404098511
0.00110411643982
0.00120687484741
0.00113296508789
0.0011990070343
0.00114107131958
0.0011899471283
0.00113320350647
0.00122809410095
0.00110006332397
0.00118112564087
0.00112700462341
0.0011579990387
0.00109910964966
0.0011990070343
0.00104594230652
0.00112915039062
0.00105285644531
0.00118184089661
0.0010621547699
0.00121998786926
0.00105404853821
0.00113320350647
0.00104713439941
0.0011579990387
0.00104999542236
0.00116801261902
0.00111603736877
0.00121212005615
0.00106191635132
0.00120806694031
0.0011260509491
0.0011579990387
0.00107407569885
0.00125002861023
0.00108194351196
0.00120210647583
0.00109696388245
0.0011899471283
0.00109601020813
0.00123310089111
0.00109386444092
0.00117516517639
0.00104689598083
0.00118613243103
0.00108194351196
0.00117111206055
0.00112509727478
0.0012309551239
0.00106406211853
0.00129795074463
0.00104212760925
0.00125098228455
0.00114798545837
0.00119495391846
0.00106000900269
0.00118398666382
0.0010290145874
0.00118613243103
0.00108504295349
0.00126004219055
0.00113701820374
0.0011830329895
0.00113415718079
0.00121808052063
0.00113606452942
0.00119304656982
0.00113201141357
0.00118613243103
0.00111794471741
0.00121903419495
0.0010769367218
0.00114393234253
0.00107407569885
0.00120282173157
0.00112700462341
0.00120997428894
0.00106811523438
0.00112700462341
0.00106191635132
0.00117492675781
0.00105595588684
0.00120687484741
0.0010838508606
0.0012469291687
0.00111508369446
0.00122094154358
0.00108003616333
0.00111722946167
0.00107717514038
0.00124907493591
0.00110006332397
0.00115489959717
0.00110411643982
0.00125694274902
0.00112009048462
0.00112700462341
0.00112104415894
0.00130486488342
0.00112199783325
0.0011568069458
0.00107192993164
0.00120210647583
0.00110793113708
0.00121784210205
0.00112104415894
0.00116086006165
0.00105309486389
0.00120091438293
0.00108814239502
0.0011510848999
0.00107598304749
0.0011899471283
0.00108504295349
0.00119805335999
0.00112915039062
0.00119090080261
0.00110101699829
0.00117897987366
0.00114798545837
0.00118708610535
0.00110101699829
0.00119304656982
0.00112700462341
0.00117683410645
0.00106692314148
0.00122213363647
0.0010621547699
0.00117182731628
0.00103187561035
0.00118279457092
0.00113296508789
0.00117897987366
0.00110483169556
0.00114107131958
0.0010621547699
0.00116109848022
0.00108599662781
0.00118899345398
0.00106501579285
0.0012481212616
0.00109601020813
0.00124001502991
0.0011088848114
0.00119113922119
0.00112700462341
0.00121092796326
0.001060962677
0.00120806694031
0.00103998184204
0.00119400024414
0.00109696388245
0.0011830329895
0.00110101699829
0.00119709968567
0.00112009048462
0.00120306015015
0.0011100769043
0.00121307373047
0.00104379653931
0.0011420249939
0.00110411643982
0.00120091438293
0.00110602378845
0.00119113922119
0.00107097625732
0.00122904777527
0.00108408927917
0.0012378692627
0.00112295150757
0.00121402740479
0.00100517272949
0.00108599662781
0.00113010406494
0.00115609169006
0.0011191368103
0.00122904777527
0.00107216835022
0.00120496749878
0.00112009048462
0.00118708610535
0.00108814239502
0.00131011009216
0.00103497505188
0.00118184089661
0.0010838508606
0.00120782852173
0.00105500221252
0.00123715400696
0.00110292434692
0.00119996070862
0.00101780891418
0.00110602378845
0.0010769367218
0.0011830329895
0.00113415718079
0.00119400024414
0.00105309486389
0.0011510848999
0.00108003616333
0.00124716758728
0.00108003616333
0.00125598907471
0.00110197067261
0.00118494033813
0.00104689598083
0.00119686126709
0.00114297866821
0.00123691558838
0.00111603736877
0.00122904777527
0.00108504295349
0.00118517875671
0.00109195709229
0.00124907493591
0.00106000900269
0.00121092796326
0.00111198425293
0.00116991996765
0.00114512443542
0.00122904777527
0.00110197067261
0.00120306015015
0.0011191368103
0.00120401382446
0.00108408927917
0.00111198425293
0.00108790397644
0.00115609169006
0.00107407569885
0.001216173172
0.00111794471741
0.00124287605286
0.00106692314148
0.00128889083862
0.00105690956116
0.00122308731079
0.00108313560486
0.00115489959717
0.00110602378845
0.00116395950317
0.00107884407043
0.00113201141357
0.0010449886322
0.00118684768677
0.00113701820374
0.00121903419495
0.00104093551636
0.0011420249939
0.00108194351196
0.00123596191406
0.00111889839172
0.00118207931519
0.00107598304749
0.0011670589447
0.00111603736877
0.00122618675232
0.00106191635132
0.00123405456543
0.00111198425293
0.00121998786926
0.00112199783325
0.00120401382446
0.00106906890869
0.00120377540588
0.00107622146606
0.00119590759277
0.00111889839172
0.00117993354797
0.00105309486389
0.0011420249939
0.00107002258301
0.00120306015015
0.00105595588684
0.00113296508789
0.00108194351196
0.00120186805725
0.00106406211853
0.00121402740479
0.00113606452942
0.00119280815125
0.0010998249054
0.00114798545837
0.00113701820374
0.00115299224854
0.00105881690979
0.00110483169556
0.00110077857971
0.0012149810791
0.0011260509491
0.00116991996765
0.00113701820374
0.00122714042664
0.00108122825623
0.0012218952179
0.00103998184204
0.00119996070862
0.00108790397644
0.00128793716431
0.00106501579285
0.00122094154358
0.00111198425293
0.00117683410645
0.00108599662781
0.00119400024414
0.00112509727478
0.0011739730835
0.00110983848572
0.00122618675232
0.00106501579285
0.00121593475342
0.00109601020813
0.00119113922119
0.00111985206604
0.00119495391846
0.00109195709229
0.00123882293701
0.00109004974365
0.00121188163757
0.00105786323547
0.00116419792175
0.00112104415894
0.00120615959167
0.00111293792725
0.00114798545837
0.00105404853821
0.00114297866821
0.00111293792725
0.00117778778076
0.00104379653931
0.00121593475342
0.00110197067261
0.00107789039612
0.00110006332397
0.00114297866821
0.00112700462341
0.00123691558838
0.00109314918518
0.00117111206055
0.00107192993164
0.00121283531189
0.00106716156006
0.00116205215454
0.00110292434692
0.00117301940918
0.00116801261902
0.0011830329895
0.00111985206604
0.00119113922119
0.00107383728027
0.00114798545837
0.00112795829773
0.00117683410645
0.00110507011414
0.00116491317749
0.00103807449341
0.00120091438293
0.00108599662781
0.00117492675781
0.00108599662781
0.00126600265503
0.00109815597534
0.00119709968567
0.00107407569885
0.00122308731079
0.000999927520752
0.00115585327148
0.00107479095459
0.0011510848999
0.00111699104309
0.0011351108551
0.00100708007812
0.0011260509491
0.00110411643982
0.00109100341797
0.00108814239502
0.00123000144958
0.00106692314148
0.00110507011414
0.00106811523438
0.0011670589447
0.0010941028595
0.0011739730835
0.00112986564636
0.00118589401245
0.00101089477539
0.00117492675781
0.00112414360046
0.00122094154358
0.00112915039062
0.00125408172607
0.00109910964966
0.00123405456543
0.00108408927917
0.00122785568237
0.00113582611084
0.00121092796326
0.00112009048462
0.00116920471191
0.0010769367218
0.00122904777527
0.00110292434692
0.00116801261902
0.00107884407043
0.00115013122559
0.00113081932068
0.00122594833374
0.0010941028595
0.00118112564087
0.00117182731628
0.00123310089111
0.00113010406494
0.0012149810791
0.00111103057861
0.00121903419495
0.00112080574036
0.00119400024414
0.0011260509491
0.00121188163757
0.00109100341797
0.00117206573486
0.00112390518188
0.00116896629333
0.00104689598083
0.00124001502991
0.00112390518188
0.00118398666382
0.00112009048462
0.00119018554688
0.00108194351196
0.00122880935669
0.00111293792725
0.00120615959167
0.00107097625732
0.00117301940918
0.0010941028595
0.00115513801575
0.00109910964966
0.00123691558838
0.00109910964966
0.00118088722229
0.0010998249054
0.0011739730835
0.00114893913269
0.00120306015015
0.00110793113708
0.00122094154358
0.00118279457092
0.00123000144958
0.00109696388245
0.00119400024414
0.00109386444092
0.00118494033813
0.00110006332397
0.00119805335999
0.00102710723877
0.00127911567688
0.00113105773926
0.00119519233704
0.00103807449341
0.00123190879822
0.00110387802124
0.00115394592285
0.0010941028595
0.00117516517639
0.00102710723877
0.00120997428894
0.00107192993164
0.00118684768677
0.00106406211853
0.00129413604736
0.00108695030212
0.00115704536438
0.00107288360596
0.00123810768127
0.00113201141357
0.00120997428894
0.00113701820374
0.00121402740479
0.00108003616333
0.00120782852173
0.00113582611084
0.00121784210205
0.0011100769043
0.00122308731079
0.00113415718079
0.00120806694031
0.0011031627655
0.00116682052612
0.00110411643982
0.00122308731079
0.0010769367218
0.00120186805725
0.0011100769043
0.00127005577087
0.00108003616333
0.00120401382446
0.00111699104309
0.0012321472168
0.00106287002563
0.00116395950317
0.00110983848572
0.0012059211731
0.00110721588135
0.00121212005615
0.00110507011414
0.00111794471741
0.00107502937317
0.00112104415894
0.00108504295349
0.00120878219604
0.00108599662781
0.00119686126709
0.00106906890869
0.00122499465942
0.00111103057861
0.00126194953918
0.0010929107666
0.00116300582886
0.00110101699829
0.00120186805725
0.00111389160156
0.00123000144958
0.0010941028595
0.00122904777527
0.00104308128357
0.00112390518188
0.00109100341797
0.00120401382446
0.00113892555237
0.00119686126709
0.00106906890869
0.00121402740479
0.00111484527588
0.0012149810791
0.0011100769043
0.00119185447693
0.00112009048462
0.00117206573486
0.00107717514038
0.00115585327148
0.00109601020813
0.00118088722229
0.0011100769043
0.00121998786926
0.00106596946716
0.00121092796326
0.00110507011414
0.00117588043213
0.00110602378845
0.00127100944519
0.00113081932068
0.00120401382446
0.00111198425293
0.00122380256653
0.00112795829773
0.00124287605286
0.00112104415894
0.00120687484741
0.00110793113708
0.00121903419495
0.00112891197205
0.00127291679382
0.00106716156006
0.00119304656982
0.00112700462341
0.00118899345398
0.00112891197205
0.00122094154358
0.00109910964966
0.00121593475342
0.00109910964966
0.00118494033813
0.00111293792725
0.00119209289551
0.00114607810974
0.00123691558838
0.00104999542236
0.00114893913269
0.00108981132507
0.00119090080261
0.00114297866821
0.00120711326599
0.00111103057861
0.00123691558838
0.00107312202454
0.00131511688232
0.00105285644531
0.00116395950317
0.00107216835022
0.00122594833374
0.000978946685791
0.00116109848022
0.00111413002014
0.00126385688782
0.00110578536987
0.00122284889221
0.00107479095459
0.00117897987366
0.000999212265015
0.00122594833374
0.00106501579285
0.00119519233704
0.0011191368103
0.0011990070343
0.0011260509491
0.00122404098511
0.00111985206604
0.0012309551239
0.00106501579285
0.00117492675781
0.00110697746277
0.00120520591736
0.00110197067261
0.00114893913269
0.00106287002563
0.00114512443542
0.00104999542236
0.00125098228455
0.00110507011414
0.00113296508789
0.00112700462341
0.0012309551239
0.0010712146759
0.00120902061462
0.00111794471741
0.00121593475342
0.00108695030212
0.00123810768127
0.00108098983765
0.00122404098511
0.00113201141357
0.00122499465942
0.00111103057861
0.0011739730835
0.00113105773926
0.00119185447693
0.00112080574036
0.00116300582886
0.00113701820374
0.00121092796326
0.00112318992615
0.00120401382446
0.00113081932068
0.00118803977966
0.00108313560486
0.00110507011414
0.00122809410095
0.00109386444092
0.00122809410095
0.00108194351196
0.00121021270752
0.00103688240051
0.00114417076111
0.00110507011414
0.00125408172607
0.00112009048462
0.00123190879822
0.00110006332397
0.00120401382446
0.00105810165405
0.0011899471283
0.00104308128357
0.00126314163208
0.00113296508789
0.00124001502991
0.00110101699829
0.00119304656982
0.0011157989502
0.001216173172
0.00105595588684
0.001140832901
0.0010941028595
0.00125217437744
0.0010712146759
0.00121688842773
0.00111699104309
0.00122404098511
0.0011260509491
0.00116586685181
0.00110197067261
0.00111484527588
0.0010290145874
0.0012321472168
0.00112509727478
0.00122213363647
0.00112700462341
0.00119781494141
0.00107097625732
0.00123691558838
0.00106287002563
0.001216173172
0.00110697746277
0.00119113922119
0.00110197067261
0.00117897987366
0.00112700462341
0.00121712684631
0.00112295150757
0.00115299224854
0.001051902771
0.00124406814575
0.00109815597534
0.00125098228455
0.00112199783325
0.00116920471191
0.00110912322998
0.0012378692627
0.00104093551636
0.00124597549438
0.00104403495789
0.00118899345398
0.00110697746277
0.00121688842773
0.00111389160156
0.00117492675781
0.00112509727478
0.00123500823975
0.00111889839172
0.00120115280151
0.00110197067261
0.0012218952179
0.0011100769043
0.00112700462341
0.00112009048462
0.00124096870422
0.00108098983765
0.00120997428894
0.00105690956116
0.00123310089111
0.00113916397095
0.00118398666382
0.00112199783325
0.00118708610535
0.00111889839172
0.00130009651184
0.00108098983765
0.00124287605286
0.00108408927917
0.00120496749878
0.00113701820374
0.00117516517639
0.00112509727478
0.00124001502991
0.00108695030212
0.00123596191406
0.00102710723877
0.00120902061462
0.00111317634583
0.0011579990387
0.0010929107666
0.00121998786926
0.00115203857422
0.00122714042664
0.00111889839172
0.00124502182007
0.00112891197205
0.00118398666382
0.00110292434692
0.00119590759277
0.00114798545837
0.00115203857422
0.0011088848114
0.00122714042664
0.00113606452942
0.00121808052063
0.00108098983765
0.00124883651733
0.00113582611084
0.00126814842224
0.00114798545837
0.00119304656982
0.00111985206604
0.00121402740479
0.00113606452942
0.00117206573486
0.00113821029663
0.00121903419495
0.00109004974365
0.00122594833374
0.00106906890869
0.00128698348999
0.00104713439941
0.00117611885071
0.00103998184204
0.00117683410645
0.00109910964966
0.0012059211731
0.00116491317749
0.00121903419495
0.00111198425293
0.00115299224854
0.00112009048462
0.00111699104309
0.0010941028595
0.00113105773926
0.00110912322998
0.00114297866821
0.00108098983765
0.00114297866821
0.00112795829773
0.00114703178406
0.00113821029663
0.00114893913269
0.00110816955566
0.0011031627655
0.00106000900269
0.00113916397095
0.00108098983765
0.00115299224854
0.00113296508789
0.0011420249939
0.00110101699829
0.00112199783325
0.00112795829773
0.00119686126709
0.00109195709229
0.00113797187805
0.00110483169556
0.00112915039062
0.00106692314148
0.00109100341797
0.00103688240051
0.00115489959717
0.00109815597534
0.00114798545837
0.00107312202454
0.00110197067261
0.00123810768127
0.00113797187805
0.00110387802124
0.00111603736877
0.00104403495789
0.00113391876221
0.00105214118958
0.00110697746277
0.0011088848114
0.00113582611084
0.00110483169556
0.00117182731628
0.00113105773926
0.00113391876221
0.00110292434692
0.00118398666382
0.00113201141357
0.00119590759277
0.00110006332397
0.00117182731628
0.00106310844421
0.00114798545837
0.00106883049011
0.00107407569885
0.00109601020813
0.00118088722229
0.00110507011414
0.00112986564636
0.00113201141357
0.00116300582886
0.00104308128357
0.00113701820374
0.00107908248901
0.00117993354797
0.00113296508789
0.00112009048462
0.00116682052612
0.00121521949768
0.00114011764526
0.00119185447693
0.00111699104309
0.0010998249054
0.00113892555237
0.00116395950317
0.00108504295349
0.00116991996765
0.00113701820374
0.00116419792175
0.00110387802124
0.00118017196655
0.00110697746277
0.00113916397095
0.00116610527039
0.00118708610535
0.00111508369446
0.00120615959167
0.00108098983765
0.00115394592285
0.00113296508789
0.00116610527039
0.00109696388245
0.00111603736877
0.00111198425293
0.00114393234253
0.00106906890869
0.0011420249939
0.00114798545837
0.00117492675781
0.00114917755127
0.00116109848022
0.00112104415894
0.00117802619934
0.00110197067261
0.00116109848022
0.00117707252502
0.00115609169006
0.00116682052612
0.00114798545837
0.0011510848999
0.00123000144958
0.00103902816772
0.00115394592285
0.00116086006165
0.00117802619934
0.0011191368103
0.00110912322998
0.00114417076111
0.00120401382446
0.00107097625732
0.00114297866821
0.00117015838623
0.00117993354797
0.00111508369446
0.00116610527039
0.00113916397095
0.00114893913269
0.00113701820374
0.00118684768677
0.00111198425293
0.00116896629333
0.00111508369446
0.00114893913269
0.0011579990387
0.00115585327148
0.00114798545837
0.00124883651733
0.0010449886322
0.00110101699829
0.00115180015564
0.00120115280151
0.00102996826172
0.00112700462341
0.00111794471741
0.00119304656982
0.00113201141357
0.0011579990387
0.0010929107666
0.00116300582886
0.00112819671631
0.00113415718079
0.00115299224854
0.00117206573486
0.0011670589447
0.00119709968567
0.00105786323547
0.00113892555237
0.00109100341797
0.00112414360046
0.00111413002014
0.00119400024414
0.00110816955566
0.00113606452942
0.00110697746277
0.00120496749878
0.00101900100708
0.0010998249054
0.00115704536438
0.00120282173157
0.00112390518188
0.00115394592285
0.00111889839172
0.0011351108551
0.00112700462341
0.0011420249939
0.00109815597534
0.00114107131958
0.0011351108551
0.00121903419495
0.00112318992615
0.00112295150757
0.00107097625732
0.00116682052612
0.00114107131958
0.00113892555237
0.00110507011414
0.00116515159607
0.00111603736877
0.00112295150757
0.00108599662781
0.00111198425293
0.00113391876221
0.00113391876221
0.00105118751526
0.00117707252502
0.00110602378845
0.00119209289551
0.00115919113159
0.00117897987366
0.00106000900269
0.00120711326599
0.00114798545837
0.00114703178406
0.00113415718079
0.00113701820374
0.00105118751526
0.0011670589447
0.00109887123108
0.00117897987366
0.00116205215454
0.00114512443542
0.00112295150757
0.00122904777527
0.00113701820374
0.00120997428894
0.00111794471741
0.0011830329895
0.0011260509491
0.00120806694031
0.00104808807373
0.00105714797974
0.00112581253052
0.0011830329895
0.00106596946716
0.00117802619934
0.00113701820374
0.00110816955566
0.00112318992615
0.00112891197205
0.00113010406494
0.00116682052612
0.00112891197205
0.0011739730835
0.00109887123108
0.00118112564087
0.0011088848114
0.00113701820374
0.00110602378845
0.00116395950317
0.0011510848999
0.00111699104309
0.00105285644531
0.00112915039062
0.00103497505188
0.00112199783325
0.00114512443542
0.00108218193054
0.00113582611084
0.00116014480591
0.00109887123108
0.00117921829224
0.00110983848572
0.00120115280151
0.00113701820374
0.00113296508789
0.00104713439941
0.00113701820374
0.00111818313599
0.00122499465942
0.0010929107666
0.00114107131958
0.00112295150757
0.00115990638733
0.00111079216003
0.00117015838623
0.00108289718628
0.00114917755127
0.00113892555237
0.00115704536438
0.0011191368103
0.00113296508789
0.00109696388245
0.00114703178406
0.00113797187805
0.00121188163757
0.00112295150757
0.00119614601135
0.00109791755676
0.00115895271301
0.00113201141357
0.00116395950317
0.00109696388245
0.00117111206055
0.00111985206604
0.00114607810974
0.00106596946716
0.00116109848022
0.00113201141357
0.00127911567688
0.00109601020813
0.00122714042664
0.00109386444092
0.00115013122559
0.00115180015564
0.00124907493591
0.00111818313599
0.00119185447693
0.00112509727478
0.00114679336548
0.00118899345398
0.00115704536438
0.00112509727478
0.00117993354797
0.00108003616333
0.00118899345398
0.00114488601685
0.00119996070862
0.00106191635132
0.00143194198608
0.00112819671631
0.00112700462341
0.00110602378845
0.00115084648132
0.00113892555237
0.00115203857422
0.00112581253052
0.00114703178406
0.00113892555237
0.00116801261902
0.00114393234253
0.0013530254364
0.00108504295349
0.00114417076111
0.00114393234253
0.00119400024414
0.00113701820374
0.0011510848999
0.0010769367218
0.00116896629333
0.0010769367218
0.00114703178406
0.00108504295349
0.00113296508789
0.00109720230103
0.00118207931519
0.00111103057861
0.00114011764526
0.00115203857422
0.00118207931519
0.00110507011414
0.00122904777527
0.00107288360596
0.00119304656982
0.00107908248901
0.00127601623535
0.00120902061462
0.00116991996765
0.00110101699829
0.00118207931519
0.00105404853821
0.00109314918518
0.0010941028595
0.00120711326599
0.00113606452942
0.00111293792725
0.00124216079712
0.00119709968567
0.0011990070343
0.00127577781677
0.0011260509491
0.00121784210205
0.00113010406494
0.00122809410095
0.00111603736877
0.00119686126709
0.00114989280701
0.0012309551239
0.00122380256653
0.00123000144958
0.00108408927917
0.0011899471283
0.00108790397644
0.00123691558838
0.00116395950317
0.00115203857422
0.00119209289551
0.00125098228455
0.00117993354797
0.00125408172607
0.00116991996765
0.00129318237305
0.00106406211853
0.00112986564636
0.00109791755676
0.00126814842224
0.00120306015015
0.00120997428894
0.00119495391846
0.00110292434692
0.00110197067261
0.0012149810791
0.00112414360046
0.00126791000366
0.00111293792725
0.00126194953918
0.00116109848022
0.00126719474792
0.00111818313599
0.00111508369446
0.00115609169006
0.00119018554688
0.00119686126709
0.00118708610535
0.00116205215454
0.00127601623535
0.00109791755676
0.00122690200806
0.00120306015015
0.00117707252502
0.00109100341797
0.0011990070343
0.00120306015015
0.00125598907471
0.00111699104309
0.00114607810974
0.0011351108551
0.00114798545837
0.00111889839172
0.00114297866821
0.00105500221252
0.00114321708679
0.00113797187805
0.00114107131958
0.00114583969116
0.00113892555237
0.00104403495789
0.0012218952179
0.00111603736877
0.00114893913269
0.00109505653381
0.00110697746277
0.00105595588684
0.00116109848022
0.00113201141357
0.00121402740479
0.00109887123108
0.00115489959717
0.00112414360046
0.00124216079712
0.00108695030212
0.00114297866821
0.00105690956116
0.00114607810974
0.00109314918518
0.0011739730835
0.00112318992615
0.0011830329895
0.00105881690979
0.00107097625732
0.00109505653381
0.00117015838623
0.00112509727478
0.0011990070343
0.00111293792725
0.00110292434692
0.0011351108551
0.00119709968567
0.00109100341797
0.00117301940918
0.001060962677
0.00115489959717
0.0011351108551
0.00107884407043
0.00109100341797
0.00113606452942
0.00112795829773
0.00113415718079
0.00114297866821
0.00114011764526
0.00109004974365
0.00115895271301
0.0010929107666
0.00115013122559
0.00110793113708
0.00117802619934
0.00116395950317
0.0011579990387
0.00108194351196
0.00115895271301
0.00114393234253
0.00118112564087
0.00112199783325
0.00134301185608
0.00113487243652
0.00118494033813
0.00111699104309
0.00116991996765
0.00112199783325
0.00107288360596
0.00114107131958
0.00117111206055
0.00110793113708
0.0011260509491
0.00113081932068
0.00117707252502
0.00110793113708
0.00116586685181
0.00114011764526
0.00114607810974
0.00111413002014
0.00120306015015
0.00111103057861
0.0011899471283
0.00113892555237
0.00125408172607
0.00113081932068
0.00120902061462
0.00110292434692
0.00118207931519
0.00107598304749
0.00123190879822
0.00111198425293
0.00120687484741
0.00114798545837
0.00120496749878
0.00109791755676
0.00123119354248
0.00109004974365
0.00118279457092
0.0011568069458
0.00114703178406
0.00115394592285
0.00121593475342
0.00108695030212
0.00121283531189
0.00110197067261
0.00121593475342
0.00106906890869
0.00119209289551
0.00112080574036