0.03175606600007086
0.017718188000003465
0.007597510999971746
0.014770862999966994
0.011797864000072877
0.009540726000068389
0.009476379999910023
0.007472572999972726
0.02064259899998433
0.010956329000009646
0.012585016000002724
0.01766395399999965
0.01486353699999654
0.00960451900004955
0.008148056999971232
0.008330487000080211
0.008150943000032385
0.015948666000099365
0.013053408000018862
0.009124161999920943
0.008517559999972946
0.010105010000074799
0.013936185999909867
0.0075709249999817985
0.006942006000031142
0.008926857999995264
0.0070823820000214255
0.007739271999980701
0.011006095999960053
0.008454291999896668
0.009660505000056219
0.014889515999925607
0.028661672999987786
0.008344706999992013
0.007211021999978584
0.010362806999978602
0.00894548099995518
0.008440200999984881
0.00777962499989826
0.01174939700001687
0.012322326999992583
0.009264242999961425
0.022214281999936247
0.008248495000088951
0.00770395900008225
0.00997997700005726
0.007808716999988974
0.008017885000072056
0.0071876709999969535
0.013133721000031073
0.014459598000030383
0.009226229999967472
0.007819136000080107
0.011277962999997726
0.008663011000066945
0.007426786999985779
0.007723165000015797
0.03437711499998386
0.008530898000003617
0.010255377000021326
0.01014220000001842
0.008660195000061321
0.00873215399997207
0.010781269999938559
0.011750324000104229
0.015258556000048884
0.03780418499991356
0.009825705000025664
0.011265459000014744
0.009937392999972872
0.008717376999925364
0.01087551099999473
0.009506136000027254
0.017640111999980945
0.014395690000014838
0.008715941999980714
0.031892762999973456
0.007985603999941304
0.0078010739999854195
0.011376951999977791
0.013776782000036292
0.009151627000051121
0.008680500000082247
0.008777182000017092
0.008319175999986328
0.00795473999994556
0.022644320000040352
0.007740709000017887
0.010609746000000086
0.008489923999945859
0.00810155199997098
0.009304410000027019
0.00915506900003038
0.010378306000006887
0.01954870999998093
0.023567265999986375
0.020229244000006474
0.008500475000005281
0.035070379999979195
0.008589129000029061
0.007775779999974475
0.00907450499994411
0.010300063999920894
0.0071949349999158585
0.007258241000045018
0.00871660999996493
0.008025628000041252
0.00829938700007915
0.009601502999998957
0.00835846200004653
0.008110485999964112
0.007562957000004644
0.007886789999929533
0.013981251000018347
0.007769426999971074
0.012683851000019786
0.01430952599991997
0.008219650999990336
0.02341252100006841
0.008360204000041449
0.007502879999947254
0.008513253999922199
0.01029464900000221
0.008015249999971275
0.021644604000016443
0.009285985000019537
0.009151513999995586
0.011296116000039547
0.011479842000198914
0.02020846999994319
0.008095728999933272
0.007425611999906323
0.014321918999939953
0.008281052000029376
0.008023253999908775
0.00841261100003976
0.007861646000037581
0.008175702000016827
0.014458493000120143
0.007850091000136672
0.019530194000026313
0.00917878599989308
0.010873443000036787
0.027653019000126733
0.02062484599991876
0.008624158999964493
0.008370012000114002
0.020203232000085336
0.01634609399980036
0.015140782999878866
0.009763481999925716
0.00900219899995136
0.02087722900000699
0.007379229999969539
0.007995747999984815
0.010440442999879451
0.008520107000094868
0.015098779000027207
0.00836629500008712
0.01083867200009081
0.011823774000049525
0.02175603399996362
0.012311118000070564
0.0076902939999854425
0.007007956000052218
0.014646841999820026
0.011806534000015745
0.007929907000061576
0.00803174200018475
0.008497612999917692
0.021311596000032296
0.015550427999869498
0.013398958999914612
0.011354275000030611
0.008401004000006651
0.008048266000059812
0.00858881899989683
0.008802584000022762
0.009363815000142495
0.008046671000101924
0.00823062199992819
0.023317957000017486
0.007863872999905652
0.022122004000038942
0.012734922000163351
0.008435731999952623
0.008520614999952159
0.023037631000079273
0.011063527000032991
0.024404497999967134
0.01875618500002929
0.012636218000125155
0.022194019000153276
0.016263375999869822
0.010145236999960616
0.009590281000100731
0.00921596800003499
0.02006508800013762
0.01786722700012433
0.007902767000132371
0.0090212039999642
0.007633007000094949
0.01000775500006057
0.011907845999985511
0.01414483000007749
0.008731257999897934
0.016390695999916716
0.010321892000092703
0.02633321000007527
0.037171347000139576
0.027936476999911974
0.008827332999999271
0.008961950999946566
0.007354595999913727
0.007692878999932873
0.008252734000052442
0.008639535999918735
0.012164572000074259
0.03357956300010301
0.008061013000087769
0.01368538599990643
0.017486980000057883
0.01125879400001395
0.00817940499996439
0.008076030999973227
0.012788911999905395
0.008965686000010464
0.012005077999901914
0.007613879000018642
0.00735407800016219
0.018076788000144006
0.01686530100005257
0.010118355999793494
0.009138527000004615
0.007919794999907026
0.008413338000082149
0.020957256999963647
0.010187971000050311
0.00918585800013716
0.009320935000005193
0.007430226999986189
0.018228519000103915
0.010140801000034116
0.007515013000102044
0.007631841999909739
0.012090133999890895
0.008242573999950764
0.020779985999979544
0.011321820000148364
0.009686039999905915
0.01165932599997177
0.02555230100006156
0.021155312000018967
0.020550259999936316
0.0075495280000268394
0.025429438999935883
0.022269975000199338
0.008893027000112852
0.010157907000120758
0.007523153999954957
0.013964900000019043
0.007672866999882899
0.007900800000015806
0.022288124999931824
0.022751869000103397
0.007651499000076001
0.010269062000134
0.00890594699990288
0.007438979999960793
0.008168039000111094
0.007714557000099376
0.008249204000094323
0.007351030000108949
0.007674733999920136
0.007781529999874692
0.010091306000049372
0.010360484999864639
0.009359316999962175
0.009127940999860584
0.0076397930001803616
0.0286840830001438
0.02817306300016753
0.009115684000107649
0.008632010999917838
0.00808325700018031
0.022707672000024104
0.013498262999974031
0.008909980999987965
0.008049736000202756
0.02411406300007002
0.015312367999968046
0.017014856000059808
0.014490281000007599
0.009667983000099412
0.010273295999922993
0.008146153000097911
0.007877803999917887
0.011063510999974824
0.008184010999912061
0.019071483000061562
0.015777004000028683
0.020249399000022095
0.017635338999980377
0.008882206999942355
0.00740605299984054
0.008752036000032604
0.0071992690000115545
0.03791591600020183
0.019153910999875734
0.007388803999901938
0.0075243740000132675
0.008342243000015515
0.012826742000015656
0.011535364000110349
0.007153441000127714
0.030073080999954982
0.02309950300013952
0.018323809999856167
0.007345698000108314
0.014270318999933806
0.0076252349999776925
0.007598584000106712
0.00840514600008646
0.00919681599998512
0.021230238999805806
0.025708403000180624
0.01469074599981468
0.01767484299989519
0.014768807000109518
0.009343711000155963
0.010480254999947647
0.014966947999937474
0.008043352999948183
0.020920449999948687
0.02325128000006771
0.008102109999981622
0.007225842000025295
0.00895255599994016
0.010535371000059968
0.007655857999907312
0.007576374999871405
0.023538845999837577
0.02493785100000423
0.016028751000021657
0.007586789000015415
0.00993399899994074
0.007298677000108
0.02193141700013257
0.018902387000025556
0.007454352000195286
0.00758235400007834
0.007616263000045365
0.020894842999950924
0.012995355999919411
0.007338226999991093
0.008418290999998135
0.01945851200002835
0.007884082000146009
0.020286897999994835
0.007978704999914044
0.020703625999885844
0.019068765000156418
0.022133393999865802
0.021116490000167687
0.018594620999920153
0.008846552000022712
0.010401699000112785
0.00917223099986586
0.008397594999905778
0.008495640000091953
0.007722222999973383
0.01662310599999728
0.013892683999984001
0.02160363000007237
0.015863824999996723
0.014945750999913798
0.00729229600005965
0.007692602000133775
0.008572483000079956
0.008133479999969495
0.008868104000157473
0.007738007999932961
0.007409320000078878
0.01392789100009395
0.0153949969999303
0.021344570999872303
0.014618012000028102
0.008768307000082132
0.007888001000083023
0.016084788999933153
0.007082920000129889
0.02294918399979906
0.020278824000115492
0.01745096700005888
0.007742410999981075
0.008090891999927408
0.011406664000105593
0.024673094000036144
0.008709493999958795
0.008314298999948733
0.020216918999949485
0.009486127999934979
0.009396387999913713
0.007672802999877604
0.007006764000152543
0.008756723000033162
0.00825452399999449
0.00735240399990289
0.011866971000017656
0.007753018000130396
0.008308993000127884
0.010337841999898956
0.009618064000051163
0.010024826999824654
0.016661012000213304
0.007751081999913367
0.008277730999907362
0.020428449000064575
0.010769053000103668
0.01638735100004851
0.014298051999958261
0.007502399000031801
0.007560669999975289
0.009337839999943753
0.008887459999868952
0.0074520969999412046
0.007138074999829769
0.008418172000119739
0.00772351599994181
0.010438392999958523
0.010105400000156806
0.00905054999998356
0.008052414000076169
0.008941352999954688
0.00882750099981422
0.00856453699998383
0.008797153999921647
0.018707206000044607
0.016580447000023923
0.0253800800001045
0.01034685499985244
0.008827895999957036
0.007735228000001371
0.017982473000074606
0.020740785000043616
0.014227634000008038
0.024882742000045255
0.01761557300005734
0.01489248600000792
0.007899318999989191
0.008180653999943388
0.007555843999853096
0.007420495000133087
0.008827822999819546
0.008305633999952988
0.02309724599990659
0.013883533999887732
0.008858770999950139
0.009066601000085939
0.022460135000073933
0.014823495999962688
0.012077720999968733
0.011884106000024985
0.011503446000006079
0.008126375999836455
0.008891296000001603
0.009167595999997502
0.009356459000173345
0.00857079899992641
0.008962493999888466
0.007355878999987908
0.010465051999972275
0.023052482999901258
0.008767148000060843
0.008561839999856602
0.00779291200001353
0.01961462200006281
0.016979591999870536
0.0077297709999584185
0.013110016999917207
0.008230069000092044
0.007682466999995086
0.00813492900010715
0.011231446000010692
0.011353500000041095
0.008073797999941235
0.00800148099983744
0.009696290999954726
0.008341728000004878
0.01075269600005413
0.012406044000044858
0.008250755000062782
0.010378860999935569
0.009409173999983977
0.008134881999922072
0.0071156799999698706
0.007005372000094212
0.00796886800003449
0.007938545999877533
0.012946782999961215
0.021430561999977726
0.02523022100012895
0.02255719999993744
0.008775452999998379
0.015515049999976327
0.008332683999924484
0.007059929999968517
0.007880308000039804
0.007276304000015443
0.01860055400015881
0.02011760100003812
0.008301812000127029
0.009522711000045092
0.015221423999946637
0.007537791999993715
0.00788250000005064
0.008252954999989015
0.00991507900016586
0.019800210999846968
0.02620419300001231
0.01802489599981527
0.011248804999922868
0.012357567999970342
0.008555075000003853
0.007906302000037613
0.02265910599999188
0.018422662999910244
0.024866542000154368
0.02578440899992529
0.020171781000044575
0.011235428999953001
0.008361866000086593
0.007708808999950634
0.010663281999995888
0.008260522000000492
0.007773105000069336
0.007418310000048223
0.02245607400004701
0.009978570999919611
0.011581897000041863
0.0100875680000172
0.008164978999957384
0.007504333000042607
0.008119520000036573
0.008032997000100295
0.01589171199998418
0.008469023999850833
0.009157974000117974
0.007065307999937431
0.007939683999893532
0.011423271000012392
0.011398887000041213
0.013656038999897646
0.007674620999978288
0.007906795000053535
0.011666348000062499
0.013423685999896406
0.011000387999956729
0.010711552999964624
0.007708348999813097
0.008794236999847271
0.02072471300016332
0.014481939000006605
0.013013713999953325
0.014580001000012999
0.00801512099997126
0.008171959000037532
0.008182745000112845
0.018661898000118526
0.03611265800009278
0.026200339999832067
0.00885552199997619
0.03323062300000856
0.011977756000078443
0.01362746699987838
0.00834656699998959
0.007939255000110279
0.022152380000079575
0.030809552999926382
0.008999104999929841
0.007671278999850983
0.007978740999988077
0.009849522999957117
0.009684822999815879
0.020082580999996935
0.023874218999935692
0.03792459099986445
0.023993518999986918
0.012721896999892124
0.009304016999976739
0.013436143000035372
0.008392215999947439
0.022312973999987662
0.009873157999891191
0.010356775999980528
0.019461527999965256
0.00847995300000548
0.007785048000187089
0.008469444999946063
0.008850673000097231
0.013045790999967721
0.011707829999977548
0.013374018999911641
0.037428135000027396
0.008226610000065193
0.023474213999861604
0.020769986000004792
0.021347391000063
0.011570971999844915
0.02916980700001659
0.013002758999846264
0.00836554099987552
0.02093803200000366
0.010612833999857685
0.011021374000165451
0.012560959000211369
0.012971267000011721
0.00802451699996709
0.025501057999917975
0.00783041099998627
0.00882091199991919
0.038414472000113165
0.03511717700007466
0.009637086999873645
0.00841192999996565
0.01182221799990657
0.016781502000185355
0.018636988000025667
0.021715439999979935
0.007764485999814497
0.00799127700020108
0.010910802000125841
0.013281097999879421
0.02131839100002253
0.02396890499994697
0.023832381999909558
0.017583778000016537
0.01085432599984415
0.009065818999943076
0.012908836999940831
0.013639142999863907
0.01462100300000202
0.03062090100002024
0.029950528999961534
0.021988329000123485
0.008552138000140985
0.010103947000061453
0.012215916999821275
0.01413114999991194
0.008906591000140907
0.008553347000088252
0.011356081000030827
0.012918677000016032
0.010634482999876127
0.011880095999913465
0.016617038000049433
0.009619012000030125
0.008078959999920698
0.008850672000107807
0.026546164999899702
0.01752716100008911
0.023902835999933814
0.02574645100003181
0.007902543999989575
0.009059693999915908
0.014033692999873892
0.012404176999780248
0.008334010999988095
0.012515225000015562
0.015221321000126409
0.01707186799990268
0.011047625999935917
0.011625833999914903
0.008617758000127651
0.01459706700006791
0.01153107999994063
0.012827026999957525
0.026565307000055327
0.029539931000044817
0.010161336000010124
0.008945694999965781
0.008743905000073937
0.009981476000120892
0.02140321899992159
0.0118616849999853
0.010323758000140515
0.008333301999982723
0.022880454999949507
0.01174057699995501
0.01282365099996241
0.01462048100006541
0.00926650599990353
0.009769807000111541
0.007936359000041193
0.00912521000009292
0.00898831299991798
0.026223268999956417
0.016539466999802244
0.008269281999901068
0.008156912000004013
0.021074064000004
0.007999248000032821
0.007846689999951195
0.015190560000064579
0.012702321999995547
0.008664001000170174
0.022704045999944356
0.01037172999986069
0.0074197929998263135
0.01697269300007065
0.008587413999975979
0.01099376599995594
0.012414372000193907
0.021328135999965525
0.020753522000177327
0.01216571500003738
0.012462550999998712
0.0194369349999306
0.018933951000008165
0.020214952999822344
0.010837955999932092
0.009007843000063076
0.00779064199991808
0.022301411999933407
0.01908109000009972
0.00886889200000951
0.02160062799998741
0.008133560000032958
0.008964244000026156
0.02710020299991811
0.02332959000000301
0.01929229100005614
0.017167418000099133
0.02172670899994955
0.018632789000093908
0.008400362999964273
0.007991471999957867
0.02308787099991605
0.0105617470001107
0.008339050000131465
0.009021434000032968
0.018355021999923338
0.01204056100004891
0.017895456999895032
0.01633811099986815
0.008719273999986399
0.008603967999988527
0.01775492399997347
0.0147844210000585
0.01919244600003367
0.02096851700002844
0.009328736000043136
0.02167350499985332
0.016047535000097923
0.012874431000000186
0.008700091000036991
0.008098072000166212
0.01956405700002506
0.01599595099992257
0.011722104999989824
0.009825494000097024
0.020614075999901615
0.018467799000063678
0.007513822999953845
0.008118787000057637
0.008581570999922405
0.01790571399988039
0.016363146000003326
0.009591659000079744
0.008413739999923564
0.008258412000031967
0.008925644999862925
0.010481957000138209
0.03197584200006531
0.01430737800001225
0.021971911000036926
0.02455184400014332
0.008216281999921193
0.008850597999980891
0.02241653199985194
0.021776829999907932
0.00806144500006667
0.008744579999984126
0.00783538799987582
0.02462102300000879
0.014283455000168033
0.008073046999925282
0.012876989000005779
0.00825896600008491
0.023720136999827446
0.020527465999975902
0.010081203000027017
0.008934296000006725
0.011016725000217775
0.00817571999982647
0.00854007999987516
0.00805231399999684
0.0085297199998422
0.008481579000090278
0.008489538000048924
0.00805295300006037
0.03757993699991857
0.014489636999996947
0.008533654999837381
0.012992712999903233
0.008545667999896978
0.012655982999831394
0.008110071999908541
0.019623316999968665
0.011708829000099286
0.00830170599988378
0.008137065000028088
0.008823507999977664
0.008468248000099265
0.008217134999995324
0.018323005999945963
0.01486102400008349
0.008907737999834353
0.008724367000013444
0.041632157000094594
0.042739565999909246
0.007467810999969515
0.019734373000119376
0.01602389899994705
0.01925936699990416
0.012832152999862956
0.014651411999921038
0.03149811499997668
0.02698825399988891
0.009181734000094366
0.009432666999828143
0.011447347000057562
0.00881820700010394
0.009160322999832715
0.00922678699998869
0.008900482999933956
0.00835606300006475
0.017791364999993675
0.008789514999989478
0.033454808999977104
0.03593565799997123
0.010696110000026238
0.035503081000115344
0.011552323000159959
0.013257534999866039
0.008263145000000804
0.028472447000012835
0.009094728999798463
0.03616877000013119
0.012693117000026177
0.013898488999984693
0.03375172599999132
0.03106163400002515
0.008888637999916682
0.007800701999940429
0.011952351999980237
0.013982409000163898
0.008589526000150727
0.00857689899999059
0.008853636999901937
0.008645953000041118
0.014291646999936347
0.010831082000095194
0.009151577000011457
0.022948645000042234
0.013231042999905185
0.014684576000036031
0.010495644000002358
0.012034443999937139
0.009251225000070917
0.024747331000071426
0.011452957000074093
0.0089344059999803
0.02535157299985258
0.026945542000021305
0.019201379000151064
0.011778343000059976
0.010417118999839658
0.008844718000091234
0.008714086000054522
0.018049008000161848
0.021649276000061946
0.010392649000095844
0.008276366000018243
0.016922625999995944
0.02137971600018318
0.018062888000031307
0.009283365000101185
0.00932449800006907
0.013352609999856213
0.015042440000115676
0.022462244999815084
0.024212764999901992
0.008235818999992262
0.008688516000120217
0.02533969099999922
0.023395820000132517
0.007968353000023853
0.012287708999792812
0.009095452999872577
0.032748218000051565
0.010085634000006394
0.011429338999960237
0.013453381000090303
0.00748870799998258
0.009445346999882531
0.008773829000119804
0.010237145000019154
0.012305834000017057
0.008722467999859873
0.008185492999928101
0.009090341000046465
0.008356199999980163
0.008744638000052873
0.009018191999984992
0.038021774999833724
0.03596709799990094
0.014245160999962536
0.01480090600011863
0.01459664399999383
0.014681526000003942
0.008858585000098174
0.014325543000040852
0.009116406999964966
0.008909808999987945
0.025405392000038773
0.023139595999964513
0.008451296999965052
0.022550344999899608
0.017443511999999828
0.012405690000150571
0.009552051000127904
0.00965537799993399
0.010393607999958476
0.012302674000011393
0.010199995999983003
0.007815945999936957
0.009801973000094222
0.010517481000078988
0.01277066400007243
0.023572883000042566
0.01947278800003005
0.016810580000083064
0.02165377599999374
0.01635825800008206
0.025841544000059002
0.019143569999869214
0.024918710000065403
0.012577150999959485
0.007865090999985114
0.007940764000068157
0.013370474000112154
0.007837210999923627
0.019880869999951756
0.009378749000006792
0.009141304999957356
0.014002893999986554
0.007744054000113465
0.007892376999961925
0.020136569999976928
0.007439599000008457
0.012160798999957478
0.008671253999864348
0.011549281999805316
0.009228075000009994
0.03516443400008029
0.026897154000153023
0.007869818000017403
0.008409081000081642
0.02178481800001464
0.011387794000029317
0.037283653000031336
0.02732114199989155
0.008405598000081227
0.010331231999998636
0.01276695199999267
0.012575753999954031
0.008266319000085787
0.0213829159999932
0.00874745900000562
0.008400548000054187
0.007508184000016627
0.020226815999876635
0.035164797999868824
0.024168277000171656
0.00786727000013343
0.009964448999880915
0.011596301999816205
0.010067802000094161
0.011789841999870987
0.013267648000010013
0.013555229000075997
0.015916635000166934
0.007953883000027417
0.009058684999899924
0.011039210000035382
0.013785093000024062
0.008784193000110463
0.008146679999981643
0.011763584999926024
0.013345780000008745
0.00772641499997917
0.007957762000160074
0.008727809999982128
0.010931181999922046
0.011572989999876881
0.01141099899996334
0.014203198000132033
0.014281037000046126
0.01006873699998323
0.0395751900000505
0.038551795999865135
0.03555325100001028
0.008374817999992956
0.007407148000083907
0.007562770000049568
0.030593773999953555
0.00795151900001656
0.009127528000135499
0.008157455999935337
0.007885159999887037
0.008698476000063238
0.0071205070000814885
0.008080062000090038
0.008934884999916903
0.007668323999951099
0.008001326999874436
0.020229572999824086
0.010519316999989314
0.009406502000047112
0.021756305000053544
0.011704750000035347
0.008133606000001237
0.008627750999949058
0.0230118859999493
0.024952653999889662
0.008110539999961475
0.008960816000126215
0.008520829999952184
0.008583155999986047
0.02163432899988038
0.007960505000028206
0.007168057999933808
0.010529820000101608
0.024336430999937875
0.008136864999869431
0.008463137000035204
0.022789267000007385
0.01241379499992945
0.008440424999889728
0.0076024570000754466
0.011114789999965069
0.007480772999997498
0.007512915999996039
0.01109424800006309
0.007995733999905497
0.008301129999836121
0.00863312800015592
0.0068719609998879605
0.008620733000043401
0.009178141000120377
0.007848663999993732
0.0207970619999287
0.015119208999976763
0.008277399999997215
0.01579452400005721
0.013326574000075198
0.009798968999803037
0.010016642999971737
0.00823785400007182
0.023055498000076113
0.016015290999803256
0.009490620999940802
0.008658864000153699
0.007477767000182212
0.008328583999855255
0.00713697600008345
0.009182157999930496
0.0231094989999292
0.007900150000068606
0.007632166999883339
0.008227153000007092
0.016861692000020412
0.00864363499999854
0.007679294000126902
0.023053831999959584
0.011495694000132062
0.00874252699986755
0.01121703599983448
0.008712404000107199
0.007938606000152504
0.008610482999984015
0.00842452000006233
0.009012040000015986
0.009219882000024882
0.013187015000085012
0.007607500000176515
0.011153771999943274
0.011761773999978686
0.024195856000005733
0.02605903100015894
0.009573802999966574
0.00927459399986219
0.007959911999932956
0.013175626000020202
0.009050982999951884
0.009636474999979328
0.008543439999812108
0.007519199999933335
0.008187894000002416
0.008052390999864656
0.008326442999987194
0.008259229000032065
0.008137304000001677
0.009139250000089305
0.008895491999965088
0.020570708000150262
0.007277864000116097
0.007423459999927218
0.009477357999912783
0.02304370999991079
0.009813262000079703
0.008359215999917069
0.008128016999989995
0.03262780699992618
0.007911410999895452
0.03071180799997819
0.009518901999854279
0.011308445999929972
0.00868043199989188
0.008335918000057063
0.008273857999938627
0.007403891000194562
0.009185683000168865
0.011616196999966633
0.009458461999884094
0.008119702000158213
0.009781670999927883
0.008137645000033444
0.02095349499995791
0.010947494999982155
0.009348688999807564
0.009666571000025215
0.010328615999924295
0.012430252000058317
0.010195068000030005
0.02251049400001648
0.00883618100010608
0.02393004300006396
0.02168378000010307
0.006929994999836708
0.007706313999960912
0.021282779999864943
0.013469024999949397
0.008404348000112805
0.020891866000056325
0.015970593000020017
0.009686808999958885
0.0074108329999944544
0.007390372999907413
0.010704991000011432
0.02213660000006712
0.007755025000051319
0.017814290000160327
0.011151432999895405
0.009689748000027976
0.00922437200006243
0.00918784800001049
0.007782264000070427
0.02081856799986781
0.014785711999820705
0.008916451999994024
0.007867958000133513
0.007842215999971813
0.008159130000194637
0.022581355000056647
0.02434771600019303
0.012710340000012366
0.007424399999990783
0.008525175999920975
0.00777943499997491
0.008808859000055236
0.007769261000021288
0.0076298629999200784
0.026895089999925403
0.008730904000003648
0.007248885999842969
0.00783579899984943
0.008517255000015211
0.00910834900014379
0.007797988999982408
0.009742451999954937
0.009799121000014566
0.008946263000098043
0.014262272999985726
0.009633728000153496
0.03262628599986783
0.00883180400001038
0.007720815999846309
0.014054638000061459
0.014674996999929135
0.020529252999949676
0.008423778999940623
0.02680323499998849
0.014246920999994472
0.025547478000135015
0.03440741600002184
0.008314696000070398
0.032793647000062265
0.019554520000156117
0.02178759799994623
0.019774094000013065
0.013683519000096567
0.020847652000156813
0.009158648000038738
0.00903265800002373
0.011350517999971999
0.009637606000069354
0.021281438999949387
0.00910603500005891
0.009909965999895576
0.022126478000018324
0.008939690000033806
0.008592643999918437
0.009596521999810648
0.009111075999953755
0.008572490000005928
0.023610708999967756
0.014822014999936073
0.01859569700013708
0.017395568999972966
0.011070164000102523
0.012591164000014032
0.022561188000054244
0.019925019999845972
0.009908418000122765
0.009674754999878132
0.02290861100004804
0.02003953400003411
0.01009031699982188
0.007576164000056451
0.009543291999989378
0.007771427000079711
0.009155145000022458
0.009463414000038028
0.023883888999989722
0.02598153300004924
0.008829327999819725
0.007835747999934028
0.007866259999900649
0.008175705999974525
0.008886188000133188
0.008533629000112342
0.010099447999891709
0.011156969000012396
0.010295971999994435
0.01724978899983398
0.013207588999875952
0.02316975700000512
0.02408327099988128
0.007917629000075976
0.008673420999912196
0.02014505600004668
0.010805966999896555
0.020857280000200262
0.012134803000208194
0.01484168399997543
0.010784796000052665
0.01102916800005005
0.007610017999923002
0.011459349999995538
0.0076459009999325644
0.008428292999951736
0.009349676999818257
0.012587044999918362
0.0115360669999518
0.009544218000200999
0.012011069999971369
0.007716368000046714
0.008143309999923076
0.007180040000093868
0.008170204000180092
0.015440803000046799
0.008422072000030312
0.007425779999948645
0.02346387800002958
0.016223663999880955
0.00806410599989249
0.010671598000044469
0.011527837000130603
0.012583930000118926
0.008435156999894389
0.01500146000012137
0.007626835999872128
0.007963965000044482
0.02107742699990922
0.026079536999986885
0.007546585999989475
0.0077433940000446455
0.011588245999973878
0.00783961500019359
0.017639804999816988
0.01752624300002026
0.008216630999868357
0.008675380000113364
0.019592910000028496
0.016778940999984115
0.010250628999983746
0.010277897999912966
0.012255563000053371
0.025275362999991557
0.014462864000051923
0.009979661999977907
0.02046442699997897
0.009883053999828917
0.00952130800010309
0.007504318999963289
0.008719438000071023
0.008120571000063137
0.012051173000145354
0.008683031999908053
0.007599177000201962
0.021799517000090418
0.008061395000140692
0.00746147000018027
0.007546090000005279
0.0075915350000741455
0.008452158999944004
0.007570274000045174
0.012469993999957296
0.023215287000084572
0.008042284999874028
0.007604023000112647
0.008605033000094409
0.007461616000000504
0.009924628999897323
0.010077267000042411
0.007839472000114256
0.0077707990001272265
0.008647404999919672
0.00874427899998409
0.00728454199997941
0.021805316999916613
0.007275746999994226
0.00690833599992402
0.008787889000132054
0.02389615199990658
0.009023094999975001
0.009215379999886864
0.00813904899996487
0.007809903999941525
0.007815110999899844
0.008106563999945138
0.008592464999992444
0.0075960069998473045
0.026555066000128136
0.02898986399986825
0.020202635000032387
0.030900783000106458
0.02081648199987285
0.027798183000186327
0.02687335899986465
0.013539080999862563
0.007326463000026706
0.00832970699980251
0.009649012999943807
0.01128641700006483
0.007751584000061484
0.00730111300003955
0.009438017000093168
0.011160059000076217
0.009816449000027205
0.040698244999930466
0.023560376999967048
0.021791544999814505
0.011419771000191759
0.012737002999983815
0.008058720999997604
0.007337897999832421
0.009296226000060415
0.008878181999989465
0.007485979999955816
0.008532326000022294
0.011297095000145418
0.0067936919999738166
0.008902588999944783
0.00744546500004617
0.017433689999961643
0.014190027000040573
0.022613883999838436
0.03543063000006441
0.009799124999972264
0.009814707000032286
0.015332877999981065
0.008722229000113657
0.008625904999917111
0.008122634000073958
0.014815428000019892
0.01202264199991987
0.010963851000042268
0.014573770999959379
0.020206508999990547
0.016672137000114162
0.012325817000146344
0.008078831000148057
0.01753076099998907
0.014701171000069735
0.00807650100000501
0.008422441999982766
0.020635844000025827
0.008525050000116607
0.011428287999933673
0.02073634399994262
0.014564329999984693
0.015269493000005241
0.007232961999989129
0.015464092000001983
0.008866780000062136
0.006938573000070392
0.00765818400009266
0.0074078840000311175
0.007637749999958032
0.01166522000016812
0.007977897000046141
0.008963279999989027
0.010542640000039682
0.007373053000037544
0.01006044199993994
0.007692200000064986
0.010749740999926871
0.007951958000148807
0.007678459000089788
0.007823210999958974
0.00815544800002499
0.007832710999991832
0.007599073999926986
0.006985936000091897
0.009023482999964472
0.00850295800000822
0.02070695399993383
0.008246316999930059
0.00776367699995717
0.020387013000117804
0.0084773660000792
0.007745622000129515
0.00844174199983172
0.007842526999866095
0.01049375799993868
0.012338540999962788
0.00881505899997137
0.008813861000135148
0.008157758999914222
0.0096225240001786
0.017587539000032848
0.007559452999885252
0.021619603000090137
0.0096812609999688
0.020409038000025248
0.008823149000136254
0.009794187999887072
0.008687855000061973
0.007483823000029588
0.008517073999882996
0.008863140999892494
0.008412851000002775
0.009173815999929502
0.007831284000076266
0.008882074999974066
0.008637548000024253
0.0203584129999399
0.016221651000023485
0.00997927699995671
0.009616443000140862
0.007762435000131518
0.007091736999882414
0.02015713900004812
0.00808839500018621
0.026989880000201083
0.013415688999884878
0.008004133999975238
0.0206382849999045
0.02072685799998908
0.015050148000000263
0.01066225299996404
0.00709675200005222
0.00813964600001782
0.007619934000103967
0.0122024440001951
0.022822552999969048
0.02111573000001954
0.018156849999968472
0.011937582999962615
0.011388869000029445
0.00898343200015006
0.009565219000023717
0.008762740999827656
0.008454024000002391
0.013954291999880297
0.024043403999939983
0.016286980000131734
0.02615185400009068
0.015222982000068441
0.009370374999889464
0.0076916479999908915
0.007922493000023678
0.010392099000000599
0.0076955030001499836
0.007914818000017476
0.0075245590001031815
0.009500950000074226
0.007436027000039758
0.008875206999846341
0.008886405000112063
0.007898667000063142
0.006909769000003507
0.009106908999910956
0.008291355999972438
0.024032539999780056
0.022928185999944617
0.009202605999917068
0.007021792000159621
0.009119593999912468
0.00854528299987578
0.007976865000046018
0.007403202999967107
0.00851489000001493
0.014171869999927367
0.020586088000072778
0.010998284000152125
0.009634613000116588
0.007644309999932375
0.02136067800006458
0.012950008000188973
0.02329344999998284
0.02565272499987259
0.010549267999977019
0.007162665000123525
0.008380452999972476
0.00857646500003284
0.008958085000131177
0.009411634000116464
0.021944717999986096
0.010565494000047693
0.00834844900009557
0.009924446000013631
0.00799625699983153
0.008331119000104081
0.008002879000059693
0.007296383000038986
0.01239306000002216
0.00850464799987094
0.0077995229999032745
0.00789876900012132
0.010303099999873666
0.010906282999940231
0.00896734999992077
0.010874464000153239
0.008064052000008815
0.022837881999976162
0.007766663999973389
0.017456742999911512
0.007895933999861882
0.0075988209998740786
0.0075591700001496065
0.007337776999975176
0.008920728000020972
0.007966466999960176
0.00732360099982543
0.007825393000075564
0.011142684999867924
0.008936071999869455
0.008575770000106786
0.01989576300002227
0.008485996999979761
0.019154019000097833
0.020210302999885243
0.01089808400001857
0.009974512999860963
0.009101408000105948
0.02058968200003619
0.011669303999951808
0.023338274000025194
0.03209052700003667
0.01155502599999636
0.025206813000067996
0.024281159999873125
0.0143829790001746
0.019318956000006438
0.00843120300010014
0.010058592000177669
0.01081973400005154
0.007878907000076651
0.008504490999939662
0.015092613999968307
0.010538413999938712
0.007635832000005394
0.007030971999938629
0.009761038999840821
0.0073125869998875714
0.00743384999987029
0.009580167000194706
0.007583154999792896
0.012104915000008987
0.00838400499992531
0.008335154999940642
0.037903094000057536
0.024529742999902737
0.00806264200014084
0.0072392199999740114
0.007888043000093603
0.007672377000062625
0.007759212999872034
0.02192626500004735
0.02813201100002516
0.0150258930000291
0.009872929000039221
0.010941584999955012
0.010645050999983141
0.007666413999913857
0.010943558999997549
0.008073147999994035
0.020415017999994234
0.016839182000012443
0.007620910000014192
0.007792151999865382
0.009283271999947829
0.030891805999999633
0.02533090700012508
0.010394937000000937
0.02429069899994829
0.014698961000021882
0.008460986999807574
0.008024821999924825
0.008081575000005614
0.008631263000097533
0.007500679000031596
0.008237556000040058
0.0075711990000399965
0.007025870000006762
0.008439430000180437
0.009540847999915059
0.017639330999827507
0.013789951000035217
0.01005851300010363
0.014549361000035788
0.00876642000002903
0.007591631999957826
0.008364974999949482
0.007967716000166547
0.020474867000075392
0.014486737999959587
0.00845046899985391
0.008008820999975796
0.022234561999994185
0.012679717000082746
0.027922282999952586
0.02437614699988444
0.007591369000010673
0.01841007799998806
0.00756343500006551
0.016311204999965412
0.008719376999806627
0.008931858999858378
0.009351644999924247
0.009843763999924704
0.007980595000162793
0.007897328999888487
0.011262308999903325
0.023121723000031125
0.016032633999884638
0.009760570000025837
0.008922870000105831
0.021794223999904716
0.013603942000145253
0.008338159000004453
0.008963235999999597
0.008876139999983934
0.00911057799999071
0.018666537999934008
0.009935214000051928
0.008959986000036224
0.008383582000078604
0.019738232999998218
0.023504988000013327
0.011881393000066964
0.02056471900004908
0.009740643999975873
0.019722271000091496
0.00893906899977992
0.015770713999927466
0.011101388000042789
0.008303616999910446
0.007868205000022499
0.00854774999993424
0.009526711000034993
0.008207497000057629
0.010472734999893873
0.007734540999990713
0.022736297999927046
0.008336939999935566
0.01800825200007239
0.022372341000163942
0.020259692999843537
0.010481436999953075
0.01114764799990553
0.0078010259999246045
0.00740160600003037
0.020394585999838455
0.016916713000000527
0.008113556000125755
0.016127664999885383
0.01573469799996019
0.024137330000030488
0.026279326000121728
0.026004667000051995
0.00789378200011015
0.011455730999841762
0.02067464399988239
0.011853562999931455
0.010491190000038841
0.008848512999975355
0.010647177000009833
0.022530829000061203
0.024253888999965056
0.008289766999951098
0.008862046999865925
0.007057527000142727
0.0074607190001643175
0.009593403000053513
0.015079906999972081
0.01686859899996307
0.007541510000010021
0.020953654999857463
0.007654707000028793
0.007653697000023385
0.008386097000084192
0.008108702000072299
0.00817490400004317
0.013384792999886486
0.01776808699992216
0.02942191800002547
0.008526046000042697
0.021417482000060772
0.02358125499995367
0.024687333999963812
0.007422027000075104
0.007268934000194349
0.008330319999913627
0.02005126700009896
0.007551977000048282
0.008843488999900728
0.027069614000083675
0.028622344000041267
0.009011943000132305
0.02245905299992046
0.00865113999998357
0.008953601000030176
0.007939618999898812
0.007523853999828134
0.012235619000193765
0.012252315000068847
0.009885248000045976
0.011313148999988698
0.009205600999848684
0.02730451900015396
0.01647345299988956
0.008654508999825339
0.007936650999909034
0.011773732999927233
0.022943735000126253
0.023936291999916648
0.00871878399993875
0.007761425999888161
0.010213475999989896
0.009420996000017112
0.03177160699988235
0.007723962999989453
0.022907411000005595
0.011122212000145737
0.009986030999925788
0.010173606000080326
0.010240270000167584
0.011355334999961997
0.007670791000009558
0.013518359000045166
0.008568579999973736
0.007779418000154692
0.00886617700007264
0.009611822000124448
0.007381425999938074
0.008170111000026736
0.007965965000039432
0.007137924000062412
0.00890690000005634
0.020036189999927956
0.011741410000013275
0.01985500199998569
0.0075297739999768964
0.006981188000054317
0.01352999000005184
0.010508593999929872
0.00837232200001381
0.008057288999907541
0.02646913700004916
0.023892692000117677
0.013470583000071201
0.007364750000078857
0.009150268999974287
0.007089098000051308
0.027831315000184986
0.00818636000008155
0.012725933999945482
0.013660893000178476
0.02204628699996647
0.016047544000002745
0.023722057999975732
0.013706650000131049
0.013586674999942261
0.00837748300000385
0.011860361999879387
0.009466426000017236
0.030036376999987624
0.00816858799998954
0.007821043999911126
0.007179283999903419
0.009386565000113478
0.009076354999933756
0.008186898000076326
0.007377071000064461
0.007520146000160821
0.008270160999927612
0.007713435999903595
0.00796760399998675
0.01505054599988398
0.011610795000024154
0.008719914000039353
0.008307711000043128
0.00816625499987822
0.02170332400010011
0.015233297000122548
0.01686539399997855
0.008547815999918384
0.02201585099987824
0.008377551000194217
0.012135986999965098
0.008234995000066192
0.00834204900002078
0.030179473000089274
0.026474485999870012
0.007531245000109266
0.0074691280001388805
0.007873840999991444
0.007346871999970972
0.007638587000201369
0.0078325090000817
0.009058453999841731
0.008955402999845319
0.010237138999855233
0.008731438000040725
0.03758166900001925
0.013992676999805553
0.009315168000057383
0.00963474800005315
0.026092622000078336
0.021736550000014176
0.009313988000030804
0.008650377000094522
0.009465543000032994
0.010386983999978838
0.007198420999884547
0.007964928000092186
0.008986304000018208
0.008540734000007433
0.020480576999943878
0.01307088599992312
0.01019615099994553
0.009541400999978578
0.008902535000061107
0.008005702999980713
0.0083363809999355
0.008586137000065719
0.011999549999927694
0.009643928000059532
0.007738978000134011
0.007593443000132538
0.008785204000105296
0.013324475999979768
0.0075314670000352635
0.007686824000074921
0.017325763999906485
0.013607861000082266
0.00736821600003168
0.011170833999813112
0.009820934000117632
0.015237114999990808
0.029953528000078222
0.03110784400018929
0.007588529000031485
0.007275278999941293
0.01086350700006733
0.01255094599991935
0.01241145900007723
0.015703864999977668
0.007641384999942602
0.007490670999914073
0.015326008999863916
0.014832486999921457
0.008649362000141991
0.010871511999994254
0.02326848500001688
0.007597985000074914
0.019469906000040282
0.01662604300008752
0.009689209000043775
0.0102764160001243
0.00795919799998046
0.02491619200009154
0.009694851999938692
0.009788399999933972
0.009882972000013979
0.010183099999949263
0.009174861000019519
0.02204236500006118
0.01966679700012719
0.01634682700000667
0.012161199000047418
0.0075009499998941465
0.00754579699992064
0.007173061999992569
0.028398869000056948
0.010364121999828058
0.008459513999923729
0.007760602999951516
0.009437973000103739
0.035183475999929215
0.02968827700010479
0.01955507000002399
0.027868470000157686
0.02430800799993449
0.007393911000008302
0.008368869999912931
0.010102609000114171
0.009204686999964906
0.01276140300001316
0.009176454999987982
0.00990527000021757
0.010430807000147979
0.022247096000000965
0.019379212999865558
0.007827910000060001
0.006992502000002787
0.008855942999844046
0.008728745999860621
0.008960038000168424
0.008948849000034897
0.008164699999952063
0.013274631999820485
0.00764309700002741
0.009432077000155914
0.020627504000003682
0.03154928800017842
0.007600161000027583
0.020903072999999495
0.00820269299993015
0.008077293000042118
0.015382881999812525
0.02119123300008141
0.009056243000031827
0.007107230000201525
0.007775318000085463
0.011508759999969698
0.008009389999870109
0.018070111000042743
0.008144667999886224
0.007061316000090301
0.019236116999991282
0.016467852999994648
0.01789753700018082
0.008994633999918733
0.007324459999836108
0.02223796999987826
0.01479695900002298
0.011684031000186224
0.007798383999897851
0.0077817769999910524
0.007857629999989513
0.009644502000128341
0.008874306000052457
0.01940229100000579
0.01261522499999046
0.014451873000098203
0.009082228999886865
0.008457102999955168
0.010367917000166926
0.012586283000018739
0.009270314000104918
0.007518436000054862
0.009254181999949651
0.00816843899997366
0.008027055000184191
0.00875071699988439
0.019348247000152696
0.01577277299998059
0.00846026800013533
0.02795375799996691
0.00781591899999512
0.021315983000022243
0.014336444000036863
0.014461045999951239
0.007356914000183679
0.008393758000011076
0.007693863999975292
0.008961060000046928
0.007862603999910789
0.008253997999872809
0.008699209000042174
0.008742671999925733
0.020787040000186607
0.02255815800003802
0.007798847000003661
0.03245018400002664
0.00961455600008776
0.010773775999950885
0.007787801000176842
0.012809316999891962
0.00841848499999287
0.008712141000160045
0.007730461999926774
0.007739497999864398
0.007990312999936577
0.00855274700006703
0.008657193000090047
0.0067608199999540375
0.009305712000013955
0.008345275000010588
0.007785310999906869
0.008157541999935347
0.01407414899995274
0.019981359999974302
0.021002716999873883
0.014858279999998558
0.008086326000011468
0.01779481200014743
0.007662497999945117
0.0232283699999698
0.007912585999974908
0.023426786000072752
0.008265420000043378
0.012843084999985876
0.02362500699996417
0.011596891999943182
0.008978388000059567
0.021268434999910824
0.020709738000050493
0.021221353000100862
0.017344008000009126
0.007989012000052753
0.008105676000013773
0.007569214000113789
0.008667854999885094
0.008238497000093048
0.007982524999988527
0.017556839999997464
0.00842645700004141
0.019164296000099057
0.02392664799981503
0.02361001999997825
0.024870848000091428
0.013144103000058749
0.00905137199993078
0.009070001000054617
0.010638779999908365
0.009806883999999627
0.008042103000207135
0.008204589999877498
0.009398800999861123
0.011208924000129628
0.009608957999944323
0.009999794000123075
0.008666858999959004
0.00794692199997371
0.009781799999927898
0.010153099000035581
0.009226562999856469
0.009325882999974056
0.021294271000215304
0.007227487000136534
0.02327289700019719
0.019557562000045436
0.010069740000062666
0.010602097000173671
0.008343626000169024
0.007585283000025811
0.010847144999843294
0.011497790000021268
0.00837053600002946
0.007562816000017847
0.007482155999923634
0.008403843999985838
0.009654244000103063
0.022720643999946333
0.013598708000017723
0.011287013999890405
0.023785709000094357
0.020808386999988215
0.029810396999891964
0.02785627499997645
0.009531505000040852
0.008190411999976277
0.007827142999985881
0.024717811000073198
0.008179275999964375
0.00885630199991283
0.007787032999885923
0.007516448000160381
0.02098766299991439
0.011380244000065431
0.010092965000012555
0.010814993999929357
0.014533627999981036
0.023642289999997956
0.007531422000056409
0.0071741899998869485
0.009039534999828902
0.022412795000036567
0.007777925000027608
0.008078070000010484
0.0076099929999600135
0.00842808800007333
0.010419192000199473
0.010688711000057083
0.007856734999904802
0.00806612899987158
0.007874332000028517
0.0075966659999266994
0.01049032899982194
0.011774699999932636
0.007601146000070003
0.00837497399993481
0.02809180799999922
0.02447624299998097
0.014376924000089275
0.008013721999986956
0.00954653599978883
0.00937669899985849
0.008009127000150329
0.01362891599978866
0.011933390000194777
0.010292180999840639
0.008168909999994867
0.018922142000064923
0.019444853000095463
0.015812211999900683
0.008555162999982713
0.008857020999812448
0.008140740000044389
0.00791744799994376
0.016603691999989678
0.018431577999990623
0.008308304999900429
0.00842229399995631
0.00752547299998696
0.008618040999863297
0.026874929000086922
0.02431235500012008
0.0269247810001616
0.007949711000037496
0.011518091000198183
0.009139709999999468
0.007878592999986722
0.039062888999978895
0.0077057590001459175
0.008388461000095049
0.00864793600021585
0.020632848000104786
0.008911957000009352
0.021946971000033955
0.008563905999835697
0.020131875000060973
0.008496931000081531
0.008227067000007082
0.009105491999889637
0.010518570000158434
0.021450524999863774
0.007433424000055311
0.020358180000130233
0.00770446899991839
0.02148938100003761
0.008569321999857493
0.010233002999939345
0.025533139000117444
0.016449715999897307
0.008855085000050167
0.009948312999995323
0.009539422999978342
0.010065711999914129
0.036280999000155134
0.009320071000047392
0.009734859999980472
0.008887285999890082
0.009113795999837748
0.010857240999939677
0.007717554999999265
0.02318790699996498
0.02460767799993846
0.011318678999941767
0.024706635000029564
0.007441205000077389
0.014961309000000256
0.007551141999783795
0.0255001360001188
0.009633554999936678
0.008261848000074679
0.008939248999922711
0.019279011999969953
0.009619661999977325
0.008097815999917657
0.010359585000060179
0.00986927500002821
0.011622103000036077
0.010442517000001317
0.0077469800000926625
0.030299169000045367
0.007644804999927146
0.02363661200001843
0.009130061999940153
0.008319728000060422
0.011294925999891348
0.007907018999958382
0.01130526099996132
0.014452183999992485
0.019581094000159283
0.007863840000027267
0.010550023999940095
0.02392612299991015
0.01154040400001577
0.008247713999935513
0.010909987999866644
0.012453043000050457
0.010777859999961947
0.011277866000000358
0.021605062999924485
0.03273671500005548
0.009583997999925487
0.011229729999968185
0.009650428000213651
0.009896015000094849
0.008438945000079912
0.007546410000031756
0.007511157999942952
0.007486574000040491
0.008613070999899719
0.007767019000084474
0.008484693000127663
0.007381702000202495
0.008834156999910192
0.008311502999958975
0.01340142799995192
0.01054022200014515
0.008225566999954026
0.007912107000038304
0.009410969999862573
0.010109540000030393
0.024109490999990157
0.011587078000047768
0.007372093000185487
0.00839090399995257
0.011447462999967684
0.008270119999906456
0.008272322000038912
0.02149292399985825
0.010139111999933448
0.010637251999924047
0.007547746999989613
0.014525940999874365
0.007752265000135594
0.008037440999942191
0.017854717999853165
0.01953526200009037
0.01024628200002553
0.011764018000121723
0.00785838000001604
0.007847086999845487
0.0076594519998707256
0.00841447200014045
0.008822826999903555
0.02019303299994135
0.007608277000144881
0.011100194999926316
0.011854751000100805
0.014330282999935662
0.007158972000070207
0.008388734000163822
0.040177258999847254
0.027856688000156282
0.027600425000173345
0.018213201999969897
0.020379510000111623
0.013883193999845389
0.010867576000009649
0.00849628799983293
0.01950610900007632
0.017498495999916486
0.012589108999918608
0.012883813999906124
0.022233438000057504
0.008945104000076753
0.008383096999978079
0.007421797000006336
0.020832482000059827
0.012009360000092784
0.007567791999917972
0.008586920999960057
0.008503965000045355
0.008443303999911222
0.008661366000069393
0.006877421999888611
0.01262589900011335
0.014507621000120707
0.008937612000181616
0.0077594329998191824
0.011680853000143543
0.010670335999975578
0.0076447249998636835
0.007670148999977755
0.009330693000038082
0.013073273999907542
0.007337351999922248
0.007272869999951581
0.008975294000038048
0.025780704999988302
0.027311447999863958
0.008771114999944984
0.008234782000045016
0.011521122999965883
0.008892776999800844
0.008028805000094508
0.011074002999976074
0.007597379000117144
0.007435505000103149
0.008924251000053118
0.009297126000092248
0.013991337000106796
0.009124341999950047
0.019802037999852473
0.0100388959999691
0.010968850999915958
0.010525076000021727
0.011587977000090177
0.009504069000058735
0.011521491999928912
0.018836492999980692
0.016366216999813332
0.014449559000013323
0.03348830300001282
0.019044437999809816
0.02105686799995965
0.009491962000083731
0.008539794999933292
0.014056796999966537
0.014273430000002918
0.008642200000167577
0.007662579999987429
0.010620276000054218
0.02658799200003159
0.009158004000028086
0.008645935000004101
0.020305286999928285
0.016574448000028497
0.00956659500002388
0.01160601499987024
0.01069385499999953
0.020479234000049473
0.007971015000066473
0.00812285699998938
0.007934766000062154
0.02425559600010274
0.007458904999793958
0.01078095699995174
0.010783818000163592
0.008537763000049381
0.008195443999966301
0.007452324000041699
0.01363090200015904
0.010848443999975643
0.022152346999973815
0.011003234000099837
0.0075955639999847335
0.007565539000097488
0.007914241999969818
0.007717190999983359
0.014708610000070621
0.007585308999978224
0.02402984899981675
0.025815792999992482
0.00935211499995603
0.01681577399995149
0.009102651000148398
0.009501857999794083
0.007760663999988537
0.029928905000133454
0.009170264999966093
0.007447629999887795
0.010264916000096491
0.010559439999951792
0.008478811000031783
0.00729983699989134
0.010448051999901509
0.014739961000032054
0.013776138000139326
0.013503151999884722
0.009736266999880172
0.010125977999905444
0.010347152999884202
0.007709078000061709
0.007741320999912205
0.020361560000083045
0.008422277999898142
0.026151402000095914
0.009383032999949137
0.009719002999872828
0.011742331000050399
0.011854531000153656
0.008963891999883344
0.008666673000107039
0.009717603999888524
0.012096760999838807
0.007929628000056255
0.00786319300004834
0.013958304999960092
0.01554112499979965
0.008573092000006
0.008680189999950016
0.008422569000003932
0.020159938999995575
0.00846773100010978
0.015361928000174885
0.008617667999942569
0.018220691999886185
0.010177264000049036
0.009158752000075765
0.008842787000048702
0.008533935999821551
0.01667492100000345
0.014225329000055353
0.010076016000084564
0.013221698000052129
0.008377526000003854
0.009393229000124848
0.00750524599993696
0.008094110999991244
0.01172899499988489
0.009127724999871134
0.009605033999832813
0.007881208999833689
0.011532802000147058
0.008376208999834489
0.016770301999940784
0.010558132000141995
0.008447473999922295
0.008448500999975295
0.00994252200007395
0.008208634999846254
0.008122640000010506
0.021848959999942963
0.00968536999994285
0.009419149999985166
0.008161865999909423
0.007758722000062335
0.00994095200007905
0.011547982999900341
0.01155196300010175
0.013738952000039717
0.008490738000091369
0.022036733000049935
0.008741380000174104
0.030024163999996745
0.008270625000022847
0.007025053999996089
0.007933607000040865
0.007640666000042984
0.008688195999866366
0.009244820999811054
0.012019941000062317
0.009764956000026359
0.008248761000004379
0.008709203000080379
0.01075650300003872
0.012498367000034705
0.023046783999916443
0.02027541500001462
0.007973939000066821
0.00737400200000593
0.007289759000059348
0.018051495999998224
0.007370340000079523
0.008142318000182058
0.009008733999962715
0.009303670999997848
0.02430250299994441
0.019480536999935794
0.00835308000000623
0.00955514499992205
0.024148298999989493
0.02473311200014905
0.007793409999976575
0.007219305999797143
0.019620358999873133
0.013584073999936663
0.0079798799999935
0.020410121999930197
0.022464724999963437
0.007436552999934065
0.009650475999933406
0.010121612999910212
0.021659103000047253
0.02756111899998359
0.034556244999976116
0.03155491899997287
0.026805304999925283
0.02069346999996924
0.012850038999886237
0.013423689000092054
0.014550826000004236
0.014403907000087202
0.007601420000128201
0.021853678999832482
0.008504900999923848
0.01760559700005615
0.008104007999918394
0.009691005000149744
0.008774049999829003
0.00983552899992901
0.008845861000054356
0.008224924999922223
0.010500704000151018
0.00824603399996704
0.011065370000096664
0.012178257999948983
0.00937193799995839
0.008905247000029703
0.008099676000028921
0.009259520000114208
0.010177677000001495
0.008492632000070444
0.008674607000102696
0.020215365000012753
0.009882952999987538
0.017656559999977617
0.009854025999857186
0.009787749999986772
0.013077813999871069
0.013141179999820451
0.007555525000043417
0.007939518999819484
0.02213695299997198
0.010170070999947711
0.009302998000066509
0.008556297000041013
0.008239416999913374
0.021421804000056
0.007479464000198277
0.022707531999913044
0.007897885000147653
0.021321557999954166
0.008534353000186456
0.007175623000193809
0.00961038099990219
0.008582727000202794
0.013698427999997875
0.014375567000115552
0.007820833000096172
0.007450112000014997
0.008787884999946982
0.007628468000120847
0.007321009999941452
0.021729598000092665
0.023478049999994255
0.03609077900000557
0.00837680800009366
0.008602233999909004
0.00884410100002242
0.009090925999998944
0.009979767000004358
0.00810586400007196
0.007683071999963431
0.03742929999998523
0.010040183999990404
0.011918895000007979
0.008140919999959806
0.02491737000013927
0.02060122800003228
0.011755482000125994
0.02123904399991261
0.00794772499989449
0.024107494999952905
0.009900388000005478
0.01487339699997392
0.009102464000079635
0.007639273999984653
0.011230590000195662
0.015841644999909477
0.01245655299999271
0.009072336000144787
0.0076912609999908454
0.007642940000096132
0.008466153999961534
0.01027203700004975
0.011517744000002494
0.008387948999825312
0.0072405239998261095
0.008831319999899279
0.007705859999987297
0.00837900500005162
0.025817141000061383
0.00937243400016996
0.010837937000133024
0.008390661000021282
0.007165361000033954
0.007846928999924785
0.007719645000179298
0.01011418699999922
0.008788331999994625
0.008815878999939741
0.008411679999881017
0.007862865999868518
0.0077211799998622155
0.016788242000075115
0.02985930499994538
0.00773796799990123
0.02215071699993132
0.014433612999937395
0.00782842100011294
0.008011034999981348
0.007673290999946403
0.007840350999913426
0.007646620000059556
0.008947393999960696
0.008845007000218175
0.02256670699989627
0.009537516000136748
0.01780683900005897
0.010937353999906918
0.027991057999997793
0.02169896600003085
0.007517484999880253
0.007231937000142352
0.010263335999979972
0.012036761999979717
0.020023261000005732
0.008134831999996095
0.008557445999940683
0.02017417000001842
0.009610950999785928
0.01057469499983199
0.007955786000138687
0.007656420000103026
0.008188048999954844
0.008114762000104747
0.008035938999910286
0.007072852999954193
0.009396885999876758
0.009712987000057183
0.016698215999895183
0.013899794000053589
0.009003457000062554
0.00777695700003278
0.007481771000129811
0.007862518000138152
0.008848662999980661
0.01033203100018909
0.008686570999998366
0.010315403000049628
0.018614401999911934
0.0120927219998066
0.007405043000062506
0.017183164000016404
0.00879283199992642
0.007690563999858568
0.008138494999911927
0.00967310400005772
0.010005362999891076
0.009515887999896222
0.025241932999961136
0.023039283000116484
0.008503947999997763
0.007768564000116385
0.021721984000123484
0.019397259000015765
0.00917432099981852
0.02142842000012024
0.01791700600006152
0.011489937000078498
0.011028366999880745
0.012306258000080561
0.008942284000113432
0.010351287000048615
0.011466285000096832
0.012469460000147592
0.02366439000002174
0.021815755999796238
0.010091221000038786
0.02123101800020777
0.010099161999960415
0.014454206999971575
0.02160494400004609
0.02105824700015546
0.0258063440001024
0.009272653999914837
0.01174296699991828
0.013585067999883904
0.008434043999841379
0.008727787999987413
0.013309774000163088
0.007436330000018643
0.013731159000144544
0.00829436000003625
0.007344762000002447
0.00798958199993649
0.007648476999975173
0.008752223999863418
0.016776697000068452
0.00969364399998085
0.021013783000171316
0.01929539599996133
0.008316480000075899
0.02344283900015398
0.007751053999982105
0.007311654999966777
0.009071387999938452
0.009844326000120418
0.010146860999839191
0.009651330999986385
0.007331283999974403
0.0074811060001138685
0.007882201000029454
0.007498733000147695
0.007694116000038775
0.011154239000006783
0.006951225000193517
0.007437084000002869
0.02264334400001644
0.022305599999981496
0.021679028999869843
0.01957488900006865
0.011318527999947037
0.020082119000107923
0.009829551999928299
0.010132731999874522
0.017836471000009624
0.011211095999897225
0.010602901999845926
0.010733780000009574
0.023091309999927034
0.02115420300015103
0.020931452000240824
0.011293338000086806
0.009028332000070804
0.021111212000050728
0.008737990000099671
0.022651885999948718
0.007713674000115134
0.012939227000060782
0.00787490400034585
0.008381641000141826
0.02138283699969179
0.011205965000044671
0.007724798000253941
0.007474751999779983
0.013091064000036567
0.028085583000120096
0.010112052999829757
0.010148393999770633
0.009490220000316185
0.009914485999615863
0.016497915999934776
0.009377267999752803
0.007489445999908639
0.026263054000082775
0.009423513000001549
0.009677118000126939
0.012620276999768976
0.009188744000311999
0.018234556000152224
0.009309147999829293
0.024506810999810114
0.011912417000075948
0.00841687800038926
0.010584115000256133
0.008353205999810598
0.008082075999936933
0.008853273000113404
0.008474691999708739
0.012924053000006097
0.008006898000076035
0.008876198000052682
0.01918910699987464
0.008147204000124475
0.008236410999870714
0.007342075999986264
0.006931183000233432
0.00876972800006115
0.00950116399963008
0.018578837999939424
0.009502075000000332
0.02336407299981147
0.013318485999661789
0.008398511999985203
0.008476970000174333
0.010065042999940488
0.010379912000189506
0.008222354999816162
0.008416140000008454
0.007658992999949987
0.007698444999732601
0.009984829000131867
0.008336423000400828
0.011595596999995905
0.007255962999806798
0.00789598700021088
0.006980964999911521
0.014389082999969105
0.03213059500012605
0.024584709999999177
0.02652578800007177
0.01187345100015591
0.011607535999701213
0.010583502999907068
0.03368049299979248
0.009328510999694117
0.008633494000150677
0.00829175299986673
0.00782569600005445
0.0077192079997985275
0.007330030000048282
0.011800231000052008
0.008433016000253701
0.00823732300023039
0.007832805000361986
0.007419383000069502
0.00830867499962551
0.01027381099993363
0.025134846000128164
0.011522416999923735
0.009674396000264096
0.01969599800031574
0.016715445000045293
0.007853431000057753
0.007332562000101461
0.008468242000162718
0.0075957829999424575
0.007646065000244562
0.0070046189998720365
0.010353742000006605
0.020001467000383855
0.007298640000044543
0.007623586000136129
0.01104871200004709
0.008740651000152866
0.009104620000016439
0.008738760000142065
0.007905242000106227
0.007923207000203547
0.007666346999940288
0.008056977000251209
0.00786952199996449
0.007641979999789328
0.008764976999827923
0.008649371000046813
0.007474023000213492
0.013840252000136388
0.01312569399988206
0.014103195999723539
0.022233163999771932
0.0222659470000508
0.009244315000159986
0.011107264999736799
0.007142321000173979
0.022429275999911624
0.00748578799993993
0.0075876890000472486
0.0180063880002308
0.015198915999917517
0.015611452000030113
0.008300548000079289
0.02425707800011878
0.015042415000152687
0.007130946999950538
0.014114726000116207
0.02169320399980279
0.0117766219996156
0.011027238999758993
0.010919529999682709
0.013516664000235323
0.008633479000309308
0.011563722999653692
0.01244928300002357
0.00863047800021377
0.018701071000123193
0.007288515999789524
0.016125811000165413
0.007624396000210254
0.008907730999908381
0.031066915999872435
0.0211424299995997
0.010618988999794965
0.008020900999781588
0.029707247000260395
0.013534762000290357
0.02738080600011017
0.010778389999813953
0.019314777000090544
0.017709428999751253
0.019929001000036806
0.026045478000014555
0.007664960000056453
0.0111262400000669
0.010769553000045562
0.02223911800001588
0.00884753800028193
0.008761484999922686
0.0089546290000726
0.008679577000293648
0.020555175000026793
0.007923787999970955
0.023294570999951247
0.014267177000419906
0.02929109500018967
0.030917833999865252
0.0125934579996283
0.01484707999998136
0.008866667000347661
0.00936388900026941
0.00860766399955537
0.007253922000018065
0.007656680000309279
0.021858911999970587
0.02050560999987283
0.008791145000031975
0.02321423600005801
0.02005378399962865
0.008078648000264366
0.0077836690002186515
0.01893775899998218
0.007746050000150717
0.00881679099984467
0.010428812999634829
0.024348646999897028
0.01499195399992459
0.011223485999835248
0.011259112000061577
0.01769562900017263
0.010145737000129884
0.029574021999906108
0.025867249999919295
0.018340005000027304
0.007722578000084468
0.009462765000080253
0.007515677999890613
0.025307245000021794
0.02279785200016704
0.008024354999633942
0.008083058000011079
0.012368516999686108
0.007194873000116786
0.01315613700035101
0.01544876000025397
0.007634327999767265
0.007832111999960034
0.00778974200011362
0.008265605999895342
0.010237538000183122
0.0099002339998151
0.007676893999814638
0.007669446999898355
0.009199638000154664
0.009484408999924199
0.008869564000178798
0.007182927000030759
0.008013280000341183
0.010864626000056887
0.00892747399984728
0.019437193000158004
0.010597398000300018
0.011651825000171812
0.00749106600005689
0.007515854000303079
0.010919339000338368
0.00851025900010427
0.009068372000001546
0.008737527999983286
0.011326454000027297
0.01338146299985965
0.036609829000099126
0.03310715600036929
0.0086357670002144
0.007538307000231725
0.009745580999606318
0.008955772000263096
0.007429680999848642
0.007599862999995821
0.010782156999994186
0.007784617000197613
0.019853488000080688
0.013185769000301661
0.012639342000056786
0.008065471000008984
0.0159573820001242
0.013339179000013246
0.007525248000092688
0.009422849000202405
0.007911654000054114
0.007865304999995715
0.015231552999921405
0.011951129999943078
0.007892462000199885
0.009629063999909704
0.00876796500006094
0.012433410000085132
0.017801507000058336
0.008122910999645683
0.025351434999720368
0.01919636000002356
0.008032685999751266
0.008301155000026483
0.019538829999873997
0.019308972000089852
0.009086261999982526
0.017745395000019926
0.007315399999697547
0.007765612000184774
0.007840429000225413
0.020200571000259515
0.008195236000119621
0.01120217000016055
0.010727183999733825
0.036331651999716996
0.007896582999819657
0.008187867999822629
0.010895503000028839
0.018157105000227602
0.021619956999984424
0.015970705000199814
0.009138767999957054
0.02406186999996862
0.008009512000171526
0.007965419000356633
0.010294903000158229
0.011854181000217068
0.008741581000322185
0.008043664000069839
0.009083588000066811
0.007733187999747315
0.019579707000048074
0.019301659000120708
0.019846554000196193
0.011981527999978425
0.010297710000031657
0.007172239999817975
0.013037050000093586
0.010125851999873703
0.008503504000145767
0.009414903000106278
0.0077096040004107635
0.008980385000086244
0.024443893999887223
0.014642703999925288
0.012448236000182078
0.008099731000129395
0.008548331999918446
0.008786761000010301
0.007732962999853044
0.01309390300002633
0.01556612199965457
0.025240747000225383
0.00929308900003889
0.009549395999783883
0.010051505999854271
0.009529350999855524
0.010967184000037378
0.01053130099990085
0.008794689999831462
0.007657794000351714
0.023207561999697646
0.014970005999657587
0.008051775000240013
0.016633697000088432
0.022879225999986375
0.01692481100008081
0.008042279999699531
0.007743126000150369
0.011426592999669083
0.009593527999641083
0.00912848899997698
0.023684078000314912
0.009091666000131227
0.007946221000111109
0.010173337999731302
0.010235629999897355
0.00896940899974652
0.032473282999944786
0.008964841000306478
0.006421856000088155
0.007897024000158126
0.007365491000200564
0.007798465000178112
0.008027466999919852
0.017224123000232794
0.014107661000252847
0.021932406999894738
0.018267208999986906
0.008164310000211117
0.0214253269996334
0.007955482999932428
0.022457699999904435
0.022862696000174765
0.019628895000096236
0.012085261000265746
0.01353041900028984
0.0092454750001707
0.00735487900010412
0.007622682000146597
0.008364889000404219
0.009537859999909415
0.021398012999725324
0.00924021700029698
0.015586011999857874
0.00988782500007801
0.011019016999853193
0.008646362000035879
0.0081035050002356
0.008651689999624068
0.008040525000069465
0.00796880500001862
0.026818107999588392
0.012217203000091104
0.011501398999826051
0.02258070800007772
0.022745455999938713
0.023881238999820198
0.01406524999993053
0.023242813000251772
0.013705582000056893
0.007849555000120745
0.007932476000405586
0.0075089130000378645
0.00825142500025322
0.030869955999605736
0.031231355000272742
0.008288826999887533
0.0073948429999290965
0.00821401799976229
0.008213807999709388
0.008477679999941756
0.02349727199998597
0.007608268000240059
0.00747787000000244
0.009072298999853956
0.008184578999589576
0.007891421999829618
0.00756416599961085
0.027310355999816238
0.027986695999970834
0.010452390999944328
0.009793953000098554
0.008226115000070422
0.007528844999797002
0.02151932400010992
0.02141782599983344
0.010485113999948226
0.01252046799982054
0.007652137999684783
0.008465164999961416
0.007314564999887807
0.03743157200005953
0.019735454000056052
0.013534565000099974
0.02065280699980576
0.01064333100021031
0.009723697000026732
0.0072835779997149075
0.015880255999945803
0.01360704699982307
0.010438905999762937
0.008309049000217783
0.01095138600021528
0.01119982499994876
0.00759119800022745
0.00828063699964332
0.007874744000218925
0.01504376000002594
0.03020068399973752
0.025422502999845165
0.021286224000050424
0.008422355999755382
0.008621364000191534
0.007433258000219212
0.0209720150000976
0.017853409000053944
0.0194169769997643
0.013149309999789693
0.008997864999855665
0.00802925600009985
0.008152964000146312
0.008333907000178442
0.011222103999898536
0.01086107599985553
0.021478355999988707
0.03011204299991732
0.008712396000191802
0.022713313999702223
0.010701126000185468
0.012059427999702166
0.009068845999991026
0.008556020000014541
0.012865795999914553
0.00745157899973492
0.007373794000159251
0.018366925999998784
0.009168697999939468
0.020569522999721812
0.00935122400005639
0.00826183899971511
0.010112915999798133
0.00815675400008331
0.009060894999947777
0.008414624000124604
0.008549108000352135
0.007752682000045752
0.010013952999997855
0.019714123000085237
0.00860108400001991
0.01276916999995592
0.01924669800018819
0.011074708000251121
0.018239106999772048
0.015426565000325354
0.007397475999823655
0.007719853999788029
0.011455518000275333
0.011464078000244626
0.00968249499965168
0.006737925000379619
0.00968532500019137
0.011153330000070127
0.007957133000218164
0.009199806999731663
0.008625567000308365
0.007700039000155812
0.019272306999937427
0.008415618000071845
0.00923651199991582
0.021507730999928754
0.021781479999845033
0.02100362800001676
0.007845654999982798
0.00861366100025407
0.011828710999907344
0.023778858999776276
0.01702323699964836
0.021319251000022632
0.0072318669999731355
0.0073788160002550285
0.0076875039999322325
0.007987167999999656
0.00813007699980517
0.009030752999933611
0.02735466100011763
0.023483822999878612
0.007894189000126062
0.01700507399982598
0.00726568700019925
0.0075251070002195775
0.009992795000016486
0.009629007000057754
0.010924388999683288
0.00769447599986961
0.01106443400021817
0.007901678000052925
0.008840252000027249
0.010061995999876672
0.012061117000030208
0.012038374999974621
0.00703873200018279
0.008185780000076193
0.007678262000354152
0.007324768000216864
0.007791487999838864
0.008271733000128734
0.009167616000013368
0.007202697000138869
0.012530313999832288
0.007114880000244739
0.009492636999766546
0.029905802000030235
0.021927748000052816
0.01524417699965852
0.009391488999881403
0.007955905000017083
0.008940583999901719
0.010006602999965253
0.03246418399976392
0.024212535999595275
0.007619315000283677
0.02066214200021932
0.007398917000045913
0.008474492999994254
0.00887129000011555
0.008019529999728547
0.016520991000106733
0.01121188599972811
0.008993060000193509
0.0077465909998863935
0.007756433999929868
0.008276149999801419
0.012558875999729935
0.0077299229997152
0.010328378000394878
0.008478793999984191
0.007286360999842145
0.021178157000122155
0.014763139000024239
0.008931503999974666
0.009112230000027921
0.012839368000186369
0.007576486000289151
0.017917774000125064
0.02016391500001191
0.014408576999812794
0.014229951999823243
0.01334373500003494
0.024614669000129652
0.022734186999969097
0.007386023999970348
0.007759401999919646
0.00891558500006795
0.0082351959999869
0.015576124000290292
0.028887478999877203
0.009828577999996924
0.009265315999982704
0.009318405000158236
0.009868823000033444
0.008840303999932075
0.007566169999790873
0.010344714999973803
0.012209998999878735
0.009737449999647652
0.01291148600012093
0.008643259000109538
0.008636210000076971
0.017042340999978478
0.008643037999718217
0.007690040999932535
0.007814987000074325
0.010968916000365425
0.00740285199981372
0.007542211999862047
0.007488620000003721
0.007732267999926989
0.007221145000130491
0.00766443500015157
0.008685507000336656
0.008121642999867618
0.011405983000258857
0.0076605279996329045
0.007926976000362629
0.009150232000138203
0.006926887000190618
0.02044204499998159
0.008128929000122298
0.020523308999599976
0.008091272999990906
0.017877831000078004
0.009748958999807655
0.007763910999983636
0.008985159000076237
0.007219822000024578
0.007566371000393701
0.007732304000001022
0.009180168000057165
0.010750432999884652
0.010382939999999508
0.03308930200000759
0.00890529600019363
0.008945550000134972
0.008918751000237535
0.009188830999846687
0.009450903000015387
0.008943859000282828
0.008457774999897083
0.007485660999918764
0.021479357999851345
0.009237177000159136
0.009884665999834397
0.007813069999883737
0.007470232000287069
0.009767353999905026
0.007044483999834483
0.007969611000135046
0.008287061999908474
0.010212695000063832
0.010533189999932802
0.00829920200021661
0.008533185000032972
0.008586913999806711
0.01123899000003803
0.02080895800008875
0.011715412000285141
0.007485952000024554
0.007079751000219403
0.013494916000126977
0.020236037999893597
0.007274052999946434
0.008982160999948974
0.01798730600012277
0.01820850000012797
0.017418851999991602
0.00980624700014232
0.009295180000208347
0.008293949000290013
0.008507057999850076
0.015027668000129779
0.0072913240001071244
0.007241491000058886
0.00985505899961936
0.009423921000234259
0.019430600999839953
0.012054294999870763
0.00768658900005903
0.020934803999807627
0.009875686999748723
0.011307471000236546
0.007946899999751622
0.018360668000241276
0.02410490900001605
0.019321367999964423
0.014879840999583394
0.01471846699996604
0.028972718000204623
0.030132987999877514
0.008825788999729411
0.008457731999897078
0.01408129999981611
0.010814763999860588
0.009052091999819822
0.023270957000022463
0.010449374000017997
0.01899351600013688
0.01087091799990958
0.025900860000092507
0.0077175040000838635
0.00831726400019761
0.008216636999804905
0.021941351999885228
0.02543293899998389
0.016629136000119615
0.008109162999971886
0.01717792499994175
0.02210966099983125
0.007815510999989783
0.034489766000206146
0.03669685599970762
0.009575595000114845
0.00951886899974852
0.010239615000045887
0.009962025000277208
0.009177829999771348
0.007760076000067784