0.02877945699992779
0.000661892000152875
0.0006108800002948556
0.0006361880000440578
0.0005716260002373019
0.0006394600000021455
0.0005935180001870322
0.0006515290001516405
0.0006149409996396571
0.0006445519998123928
0.0004910179995931685
0.0006572160000359872
0.0004697519998444477
0.0006529319998662686
0.0004714649999186804
0.0006449419997807126
0.0005593709997810947
0.0006385480000972166
0.0005046269998274511
0.0006347630001073412
0.00045435099991664174
0.000635249999959342
0.0006150939998406102
0.0006450050000239571
0.0005037840001023142
0.0007334480001190968
0.0004926400001750153
0.0006636449998040916
0.0004757819997394108
0.000650520999897708
0.0005335920000106853
0.0006416199998966476
0.00048808400015332154
0.0006553540001732472
0.0004938960000799852
0.0006522139997287013
0.0004792629997609765
0.0006449479997172602
0.0004764800000884861
0.0006426689997169888
0.00048541900014242856
0.000667987999804609
0.0004668819997277751
0.0006741580000380054
0.0005170389999875624
0.0006344859998534957
0.00047387199992954265
0.0007101879996298521
0.0005080500000076427
0.000646520999907807
0.0006612130000576144
0.000643771999875753
0.0005246109999461623
0.0006538000002365152
0.00047149400006674114
0.0006416409996745642
0.0004904789998363412
0.0007068700001582329
0.0004957789997206419
0.0006411700001081044
0.0005062280001766339
0.0006387969997376786
0.000491609000164317
0.0006495060001725506
0.0004843850001634564
0.000656786000035936
0.0004911040000479261
0.0006430280000131461
0.0004683120000663621
0.000646631000108755
0.0005173169997760851
0.0006086850003157451
0.0004490149999583082
0.0006529629999931785
0.0005596480000349402
0.0006637409996983479
0.000464502999875549
0.0006704729999000847
0.0005474519998642791
0.000644827000087389
0.0005591569997704937
0.0006321210003079614
0.0005645689998345915
0.0006583929998669191
0.0005099700001665042
0.0006175420003273757
0.0005769800000052783
0.0006646430001637782
0.0006195740002112871
0.0006323459997474856
0.00048757200011095847
0.0006448250001085398
0.0004568559998006094
0.0006394709998858161
0.0005309499997565581
0.0006327910000436532
0.0006331489998956386
0.000653796999813494
0.0005025179998483509
0.0006614560002162762
0.00048099600007844856
0.000669990999995207
0.0006320150000647118
0.000630217999969318
0.0004935970000587986
0.0006390180001289991
0.00045418499985316885
0.0006371539998326625
0.0004555979999167903
0.0006436210001083964
0.0004600289998961671
0.0006371520003085607
0.0005103240000607911
0.0006509649997497036
0.0004795849999936763
0.0006293699998423108
0.0006050609999874723
0.0006438780001190025
0.0004803530000572209
0.0006701089996568044
0.0005958730002930679
0.0006490569999186846
0.00044050399992556777
0.000667325999984314
0.000547822000044107
0.0006605460002901964
0.0005850200000168115
0.00065879900012078
0.00047773899996172986
0.000655920000099286
0.0005165689999557799
0.000669731000016327
0.0005614820001937915
0.0006548579999616777
0.0004961839999850781
0.0006565220000993577
0.0005187179999666114
0.0006571920002897969
0.0005597829999715032
0.0006768180001017754
0.0005783209999208339
0.0006123319999460364
0.00046390800025619683
0.0006379159999596595
0.0004954179999003827
0.0006495510001514049
0.0005805820001114625
0.0006274310003391292
0.00048547599999437807
0.0006244700002753234
0.00046000199972695555
0.0006610119999095332
0.0006174350000947015
0.0006422480000765063
0.0004933700001856778
0.0006784900001548522
0.0005763630001638376
0.0006419209998966835
0.00129384999991089
0.000648394000108965
0.0004962009998052963
0.0006288660001700919
0.0022929870001462405
0.0006582599999092054
0.0006518959999084473
0.0006390779999492224
0.0005238880003162194
0.0006368610002027708
0.000549649000276986
0.0006761239997103985
0.0004656549999708659
0.00065633699978207
0.0006138019998616073
0.0006495650000033493
0.0006474339998021605
0.0006493470000350499
0.0005055490000813734
0.0006569829997715715
0.0005047340000601253
0.000680354999985866
0.0006407089999811433
0.0006358470000122907
0.0005373330000111309
0.0006733350001013605
0.0005171190000510251
0.0006802220000281523
0.0004820579997613095
0.0006364490000123624
0.0006106759997237532
0.0006353919998218771
0.00042286000007152325
0.0007120479999684903
0.0004803719998562883
0.0006869829999232024
0.0005655409995597438
0.0006344090002130542
0.0004950090001329954
0.0006636230000367505
0.0005071009995845088
0.0007388120002360665
0.000607457000114664
0.000671614000111731
0.0005385670001487597
0.0006559860003108042
0.000548134999917238
0.0006743240001014783
0.0006109070000093197
0.0006756890002179716
0.0005193130000407109
0.0006979090003369492
0.000515058000019053
0.0006708700002491241
0.0005190360002416128
0.0006610800000999006
0.0005983129999549419
0.0006652870001744304
0.00045278100014911615
0.0006584120001207339
0.0005155509998076013
0.0006378410002980672
0.0005651840001519304
0.0006777519997740455
0.0006003710000186402
0.0006546469999193505
0.0006177599998409278
0.0006315229998108407
0.0004949239996676624
0.0006463380000241159
0.00047462500015171827
0.000645200999770168
0.0005353900000955036
0.0006259379997572978
0.0005433380001704791
0.0007350900000346883
0.0005794680000690278
0.0006442880003305618
0.0004553019998638774
0.0006316559997685545
0.0005955609999546141
0.0006528300000354648
0.0004962119996889669
0.0006542480000462092
0.0005809960002807202
0.0006335159996524453
0.00041057399994315347
0.0006342070000755484
0.0005283880000206409
0.0006628000001001055
0.00048624999999447027
0.000639658000181953
0.00047285700020438526
0.0006490750001830747
0.0005773940001745359
0.0006624759998885565
0.0004754569999931846
0.0006696959999317187
0.0005577540000558656
0.0006513030002679443
0.0005040139999437088
0.0006614750000153435
0.0005308529998728773
0.0006231209999896237
0.0004859519999627082
0.000656889999845589
0.0005200760001571325
0.0006604660002267337
0.00045782699999108445
0.0006475410000348347
0.0005887049996999849
0.0006289060002018232
0.000552683000023535
0.0006405049998647883
0.0005470979999699921
0.0006586650001736416
0.0005548650001401256
0.0006356989997584606
0.0006031439997968846
0.0006285410004238656
0.0005537460001505679
0.0006563940000887669
0.0005587199998444703
0.0006369349998749385
0.00044934000015928177
0.0006300939999164257
0.0005590060000031372
0.0006341160001284152
0.0006160399998407229
0.0006542140004057728
0.0005401169996730459
0.0006358890000228712
0.0005576890002885193
0.0006232089999684831
0.0004589920004036685
0.0006374730000970885
0.00124000599998908
0.000654893000046286
0.0005643520003104641
0.0006386499999280204
0.0005012240003452462
0.0006449530001191306
0.0004877259998465888
0.0006489490001513332
0.0005137359999025648
0.0006716670000059821
0.0005687420002686849
0.0006260340001063014
0.0004368469999462832
0.0006623900003432937
0.0005072920002930914
0.0006499700002677855
0.00048289500000464614
0.0006735320002917433
0.000551586999790743
0.0006335090001812205
0.0012716530000034254
0.0005990719996589178
0.00048744899959274335
0.0006921499998497893
0.0005472029997690697
0.000663943000290601
0.0005528360002244881
0.0006485989997599972
0.0005964659999335709
0.0007327689995690889
0.0006146149999040063
0.000652552000246942
0.00046041300038268673
0.0006408050003301469
0.0004747349998979189
0.0007002279999142047
0.0005862909997631505
0.0006444640002882807
0.0005407379999269324
0.0006512760000987328
0.0006351060001179576
0.0006445199996960582
0.0005739089997405245
0.0006424590001188335
0.0006109559999458725
0.0006302849997155135
0.00045745399984298274
0.0006443829997806461
0.0007021149999673071
0.0006482109997705265
0.0004967459999534185
0.0006464879998020479
0.0005664380000780511
0.0006579689998034155
0.0005050320000918873
0.0006433490002564213
0.0006420300001082069
0.000611676000062289
0.00048056500008897274
0.0006405499998436426
0.0005028909999964526
0.0006291109998528555
0.0004726150000351481
0.0006572520001100202
0.0005202510001254268
0.0006426630002351885
0.0004996739999114652
0.0006462110000029497
0.0005715059996873606
0.0006397940001079405
0.000556427999981679
0.0006381920002240804
0.0005118829999446461
0.000671424999836745
0.0004822959999728482
0.0006280620000325143
0.0004718360000879329
0.0006373880000865029
0.0005868120001650823
0.0006474679998973443
0.0005224910000833916
0.0006539420000990503
0.000459044000308495
0.0006247970000003988
0.00048582399995211745
0.0006279039998844382
0.0005049950000284298
0.0006389280001712905
0.0005066689996056084
0.0006229650002751441
0.0005065230002401222
0.0006428910000977339
0.0004963490000591264
0.0006305829997472756
0.0005460970000967791
0.0006437219999497756
0.0006301989997155033
0.0006769930000700697
0.000553902999854472
0.0006400100000973907
0.0005679169998984435
0.0006966800001464435
0.00042209699995510164
0.0006383819995789963
0.0004872710001109226
0.0006288119998316688
0.0006681449999632605
0.000640069999917614
0.000517061000209651
0.0006710779998684302
0.0005228619997978967
0.0006884769995849638
0.0005093869999654999
0.0006568270000570919
0.000626920999820868
0.0006763829996998538
0.0005678419997821038
0.0006392699997377349
0.0004825730002266937
0.0006702599998789083
0.0004583149998325098
0.0006425510000553913
0.0006224759999895468
0.0006392529999175167
0.00048101199990924215
0.0006247889996302547
0.00050232200010214
0.0006515730001410702
0.0004971680000380729
0.0006373050000547664
0.0005020809999223275
0.0006525280000460043
0.0005772039999101253
0.0006541449997712334
0.0006060109999452834
0.0006357809998007724
0.0005939079997006047
0.0006560409997291572
0.0005386279999584076
0.0006401040000127978
0.0004803819997505343
0.00064241200016113
0.0005169910000404343
0.000690750000103435
0.0005191860000195447
0.0006852860001345107
0.00045283000008566887
0.0006465659998866613
0.0005525369997485541
0.0006530139999085804
0.0005759890000263113
0.0006417380000129924
0.00046948500039434293
0.000658246000057261
0.0005888069999855361
0.000647855999886815
0.0004337150003266288
0.000642446999790991
0.0005298789997141284
0.0006510799998977745
0.0004430919998412719
0.0006466750000981847
0.0004960629999004595
0.0006423039999390312
0.0005116479997013812
0.0006400150000445137
0.0005009750002500368
0.0006628549999732058
0.00045350200025495724
0.0006499930000245513
0.0005724040001950925
0.0006435239997699682
0.0005632610000247951
0.0006335479997687798
0.0005174200000510609
0.0006613479999941774
0.0005865599996468518
0.0006426660002034623
0.0005277810000734462
0.0006613989999095793
0.0005270929996186169
0.000670493000143324
0.0004647980003937846
0.0006770999998479965
0.0006047340002623969
0.000663633999920421
0.0005356669998946018
0.0006519110002045636
0.0005806619997201778
0.0006441569998969499
0.000576675000047544
0.0006417029999283841
0.0005354699997042189
0.0006347550001919444
0.0005218579999564099
0.0006387170001289633
0.000541275999694335
0.0006626200001846883
0.0005570440002884425
0.0006642919997830177
0.0004896740001640865
0.0006513379998978053
0.0005114570003570407
0.0006370420001076127
0.00046706800003448734
0.0006405500002983899
0.0005092249998597254
0.0006342940000649833
0.000577889999931358
0.0006684899999527261
0.0005063620001237723
0.0006898329997966357
0.0005880789999537228
0.0006191140000737505
0.0005038029999013816
0.0006304139997155289
0.000492819000101008
0.0006488250000984408
0.0005647779998980695
0.0006475949999185104
0.0005044910003562109
0.0006403749998753483
0.00047598699984519044
0.0006647290001637884
0.0005461730002025433
0.0006253720002860064
0.0004379930001050525
0.0006440950000978773
0.0005062929999439802
0.0006377670001711522
0.0005457770002976758
0.0006399110002348607
0.0005258030000732106
0.0006352780001179781
0.0004718599998341233
0.0006719150001117669
0.0005201610001677182
0.0006265110000640561
0.0004840169999624777
0.0006388380002135818
0.0006230059998415527
0.0006410370001503907
0.00046627500023532775
0.0006391120000444062
0.00042434100032551214
0.000642456999685237
0.0005325010001797637
0.000638203000107751
0.0005308679997142463
0.0006421150001187925
0.0004950119996465219
0.000644529000055627
0.0004137379996791424
0.0006731350003974512
0.000490486999751738
0.000640288999875338
0.0005532819996005856
0.0006599049997930706
0.0005289079999784008
0.0006969490000301448
0.0004998419999537873
0.0006199509998623398
0.0004920770002172503
0.000632998000128282
0.00046828599988657515
0.0006284189998950751
0.00048153300031117396
0.000645434999569261
0.0005937050000284216
0.000642631000118854
0.0005488300002980395
0.0006426960003409476
0.0004975520000698452
0.0006441460000132793
0.0006107330000304501
0.0006312969999271445
0.0011879730000146083
0.0006456549999711569
0.000465926999822841
0.0006379060000654135
0.000576117000036902
0.0006478599998445134
0.0005081509998490219
0.0006553739999617392
0.0004997470000489557
0.000640449999991688
0.0006231679999473272
0.000637967999864486
0.0004775400002472452
0.0006596889998036204
0.0005358940002224699
0.000639786999727221
0.0005765979999523552
0.0006387600001289684
0.0004929809997520351
0.0006353469998430228
0.0005636589999085118
0.000621049000073981
0.00044046399989383644
0.0006580859999303357
0.000589840000429831
0.0006576410000889155
0.0005325769998307806
0.0006381169996529934
0.0004911940000056347
0.0006836200000179815
0.0005377779998525511
0.0006316930002867593
0.0005061759998170601
0.000659013000131381
0.0005681620000359544
0.0006741500001226086
0.0004430280000633502
0.000627360000180488
0.0005237559998931829
0.000685490999785543
0.0005421770001703408
0.0006319010003608128
0.0005124580002302537
0.0006496119999610528
0.0005758519996561517
0.0006861090000711556
0.0004933519999212876
0.0006235860000742832
0.0005443099998956313
0.0006623939998462447
0.0004760350002470659
0.0006641149998358742
0.0006568929998138628
0.0006424299999707728
0.0004396349995658966
0.0006408550002561242
0.00050963400008186
0.0006461010002567491
0.0006421010002668481
0.0006376950000230863
0.000493372000164527
0.0006621480001740565
0.0005991269999867654
0.0006618110000999877
0.0005184530000406085
0.0006645960002060747
0.0004999190000489762
0.0006664010002168652
0.000516044000050897
0.0006791880000491801
0.0006580410004062287
0.000673795000238897
0.0006447109999498934
0.0006517440001516661
0.0005442130000119505
0.0006690850000268256
0.0005972860003566893
0.0006713510001645773
0.0005312600001161627
0.0006823429998803476
0.0005211980001149641
0.0006857220000711095
0.0006190849999256898
0.0006425880001188489
0.0004912889999104664
0.0006413649998648907
0.0004933909999635944
0.0006267900002967508
0.0006358360001286201
0.0006323359998532396
0.0005006999999750406
0.0006679220000478381
0.0005790590003016405
0.0006440990000555757
0.0005182079999030975
0.0006401539999387751
0.001268952999907924
0.0006359550002343894
0.000522584000009374
0.0006424739999602025
0.0005203489999985322
0.0006437199999709264
0.0005331160000423552
0.0006414479998966272
0.0005204809999668214
0.0006220299997039547
0.0005523560002984595
0.0006375450002451544
0.0005303160000948992
0.0006516580001516559
0.001267160000224976
0.0006423569998332823
0.0005149359999450098
0.0006277659999796015
0.0005067820002295775
0.0006505669998659869
0.0005517149998013338
0.000645618999897124
0.0004917689998364949
0.0006404999999176653
0.0005865809998795157
0.0006454570002460969
0.00048326600017389865
0.0006354960000862775
0.0004896630002804159
0.0006414039999071974
0.0005342780000319181
0.0006456689998231013
0.0011952119998568378
0.0006459510000240698
0.0004468900001484144
0.0006373510000230453
0.0005694370001947391
0.0006610020000152872
0.000540817999990395
0.000624486000106117
0.0005393679998633161
0.0006381950001923542
0.0005092740002510254
0.0006295919997683086
0.0004936459999953513
0.0006669289996352745
0.0004611590002241428
0.000629441000000952
0.0005155069998181716
0.0006591740002477309
0.00045433500008584815
0.0006427849998544843
0.0004301300000406627
0.0006447800001296855
0.0005840740000166988
0.000639562999822374
0.0006142809997982113
0.00065181499985556
0.0005333829999472073
0.0006456209998759732
0.0006066319997444225
0.000640657999610994
0.0006388140000126441
0.0006460610002250178
0.0006490630003099795
0.0006429380000554374
0.0005955490000815189
0.0006663760000265029
0.000645818000066356
0.0006508960000246589
0.0006474470001194277
0.0006592350000573788
0.000626268999894819
0.0006690899999739486
0.0004513670000960701
0.0006789290000597248
0.0006756799998584029
0.0006697849999000027
0.000598336000166455
0.000670996999815543
0.0005221389997132064
0.0006574279996129917
0.0006856989998595964
0.0006706199997097428
0.0006308729998636409
0.0006618850002269028
0.0005323129998942022
0.0006569140000465268
0.0005515139996532525
0.0006646070000897453
0.00048086499964483664
0.0006565359999513021
0.000508891999743355
0.0006631129999732366
0.000532863999978872
0.0007000729997344024
0.0006124999999883585
0.0006587300003957353
0.0005168009997760237
0.000666741999793885
0.0004841529998884653
0.0006386439999914728
0.0004887090003649064
0.0006383770000866207
0.0005458890000227257
0.0006383309996635944
0.0005422799999905692
0.0006281979999585019
0.0004764499999510008
0.0006428830001823371
0.000501235999763594
0.000663643999814667
0.0006068909997338778
0.0006329610000648245
0.000516924999828916
0.0006272820000958745
0.00046888699989722227
0.0006413559999600693
0.0006486980000772746
0.0006337109998639789
0.0006276669996623241
0.0006594250003217894
0.00045517199987443746
0.0006505970000034722
0.0005228160002843651
0.0006470250000347733
0.0005662819999088242
0.0006532669999614882
0.0004909049998786941
0.0006477540000560111
0.0005307760002324358
0.0006575520001206314
0.0005873000000065076
0.0006435450000026322
0.0005781790000582987
0.0006456729997807997
0.0005345959998521721
0.0006614300000364892
0.0005515640000339772
0.0006443070001296292
0.0005827700001646008
0.0006315569999060244
0.000460512999779894
0.0006385990000126185
0.0005208339998716838
0.0006079059999137826
0.0004984259999218921
0.0006606219999412133
0.00047640299999329727
0.0006148590000520926
0.0004822609998882399
0.0006468720002885675
0.0004851329999837617
0.0006406160000551608
0.0005015140000068641
0.0006407079999917187
0.0005270110000310524
0.0006345309998323501
0.0005654219999087218
0.0006670650000160094
0.0005525240003407816
0.0006474760002674884
0.0006054149998817593
0.000654479999866453
0.0005578000000241445
0.0006575749998773972
0.0006342169999697944
0.0006394699998963915
0.0005474259996844921
0.000661846000184596
0.0004765340004269092
0.0006414220001715876
0.00048434599966640235
0.0006505780002044048
0.0006124080000518006
0.0006642520002060337
0.000533770999936678
0.0006518609998238389
0.0006072779997339239
0.0006339540000226407
0.0006143089999568474
0.0006341839998640353
0.0004725759999928414
0.0006320719999166613
0.000458850000086386
0.0006466789996011357
0.0005272949997561227
0.0006642630000897043
0.0005460719999064167
0.0006397419997483667
0.0004932030001327803
0.0006595169998035999
0.0012789819998033636
0.0006775689998903545
0.0006145699999251519
0.0006328710001071158
0.0005378280002332758
0.000641421000182163
0.0005945139996583748
0.000652517999697011
0.0006140269997558789
0.0006299629999375611
0.0005821579998155357
0.0006594980000045325
0.0006726179999532178
0.0006262990000323043
0.000518748999638774
0.0006430349999391183
0.000502536000112741
0.0006488389999503852
0.0006350490002660081
0.0006654550002167525
0.0005441240000436665
0.0006614059998355515
0.0005006460000913648
0.0006264590001592296
0.000501336000070296
0.0006645600001320418
0.0006155080000098678
0.0006453940000028524
0.0006181310000101803
0.0006626660001529672
0.0006188060001477425
0.0006396809999387187
0.0005125220000081754
0.0006420790000447596
0.00045137199958844576
0.0006337079998957051
0.0005727039997509564
0.0006406620000234398
0.0004578560001391452
0.0006217129998731252
0.0005902859998059284
0.0006318360001387191
0.00045957900010762387
0.0006503889999294188
0.0005031440000493603
0.0006424729999707779
0.0005597100002887601
0.0006566110000676417
0.000580261999857612
0.0006564499999512918
0.0005118090002724784
0.0006715069998790568
0.0005668999997396895
0.0006510870002784941
0.00044158500031699077
0.0006524249997710285
0.0005035969998061773
0.0006161720002637594
0.0004762120001942094
0.0006329100001494226
0.0004782020000675402
0.000639124999906926
0.0004370050000943593
0.0006614009998884285
0.00044449500001064735
0.0006213990000105696
0.000476656000046205
0.0006717260002915282
0.0005360559998734971
0.0006348779998006648
0.0004921500003547408
0.0006473550001828698
0.0005402879996836418
0.0006585169999198115
0.000464836999981344
0.0006237630000214267
0.0005313419997037272
0.0006679000002804969
0.0004407259998515656
0.0006691620001220144
0.0004678219997913402
0.0006386939999174501
0.0004953040001964837
0.0006221160001587123
0.0005146179996700084
0.0006435999998757325
0.0005435749999378459
0.0006265580000217597
0.000516388000050938
0.0006382360002135101
0.0004992019999008335
0.0006430250000448723
0.0005211950001466903
0.0006490979999398405
0.0005093909999231983
0.000655949999782024
0.0004440589996193012
0.0006390749999809486
0.0006347109997477673
0.0006440309998652083
0.00045296100006453344
0.0006447060000027705
0.0005179680001674569
0.0006401830000868358
0.0005325259999153786
0.00061265700014701
0.0005231860000094457
0.0006655990000581369
0.0005135259998496622
0.0006486699999186385
0.0005089830001452356
0.0006541800003105891
0.0004711900000984315
0.0006464900002356444
0.0004316240001571714
0.0006553250000251865
0.0004889510000793962
0.0006328709996523685
0.0005258450000837911
0.0006375950001711317
0.0005649419999826932
0.0006213550000211399
0.000513862999923731
0.0006518719997075095
0.0006213840001692006
0.0006329429998004343
0.000446571999873413
0.000631434000297304
0.0005035409999436524
0.0006593650000468187
0.0005418270002337522
0.0006395390000761836
0.00041095999995377497
0.0006282500003180758
0.0004753879998133925
0.0006366499997056962
0.0004169829999227659
0.0006566450001628255
0.0006033739996382792
0.0006662229998255498
0.0005406649997894419
0.000645176000034553
0.0006039959998815903
0.0006414969998331799
0.0004931190001116192
0.0006523920001200167
0.0004764000000250235
0.0006350920002660132
0.000527444999988802
0.0006725650000589667
0.0005115610001666937
0.000652795999940281
0.0005360099999052181
0.0006426720001400099
0.0005339529998309445
0.0006460049999077455
0.0004774539997924876
0.0006294660001913144
0.0005745640000895946
0.0006425070000659616
0.000600951999786048
0.0006179619999784336
0.0004876610000792425
0.00064959400015141
0.0006411980002667406
0.000652596999771049
0.0005285800002639007
0.0006253990000004706
0.0004158030001235602
0.0006391070000972832
0.0006010150000292924
0.0006457049998971343
0.0005073330003142473
0.0006381359999068081
0.0006570760001523013
0.0006637970000156201
0.0004940250000800006
0.0006377400000019406
0.0005674300000464427
0.0006465579999712645
0.00041664100035632146
0.0006510509997497138
0.0004147059999013436
0.0006542729997818242
0.0005333519998202974
0.0006467650000558933
0.00056538900025771
0.0006500949998553551
0.0004238379997332231
0.0006460820000029344
0.0006080450002627913
0.0006584729999303818
0.0004891590001534496
0.0006353479998324474
0.0005532879999918805
0.0006450879996009462
0.0006467729999712901
0.0006396540002242546
0.0005775599997832614
0.0006302910001068085
0.0005983200003356615
0.000639543000033882
0.0004604330001711787
0.0006560049996551243
0.0005213599997659912
0.0006317460001810105
0.0006089120001888659
0.0006206719999681809
0.0004876250000052096
0.000626040000042849
0.0005371890001697466
0.0006703120002384821
0.0004992499998479616
0.0006749399999534944
0.0005993350000608189
0.0006594209999093437
0.0005609390000245185
0.000665009999920585
0.0005713820000892156
0.0006850350000604521
0.000584107000122458
0.0006750570000804146
0.0006837209998593607
0.0006631870001001516
0.0005319550000422169
0.0007113159999789787
0.0005652780000673374
0.0006812880001234589
0.0006889789997330809
0.000665796999783197
0.0006571439998879214
0.0006568620001417003
0.0005870719996892149
0.0006761090003237769
0.0004936870000165072
0.0006174089999149146
0.0005467890000545594
0.0006717039996146923
0.0006074630000512116
0.000647278000087681
0.0005184759997973742
0.0006591279998247046
0.0005823439996675006
0.000636484999631648
0.0005344079995666107
0.0006533880000461068
0.0005608120000033523
0.0006717289998050546
0.0005985759999020956
0.000644303999706608
0.0006141990002106468
0.0006384719999914523
0.0005720650001421745
0.0006221809999260586
0.00043779399993582047
0.0006434990000343532
0.0005587020000348275
0.0006350550002025557
0.0005158459998710896
0.0006778669999221165
0.0005142609998074477
0.0006359529998007929
0.00042827900006159325
0.0006536310002047685
0.0005080020000605145
0.0006510620000881318
0.0005575210002461972
0.0006600570000045991
0.00048622299982525874
0.0006508960000246589
0.0005263330003799638
0.0006470820003414701
0.0016578279996792844
0.000681550000081188
0.0004945010000483308
0.0006594470000891306
0.0005521569996744802
0.0006585779997294594
0.0004990110001017456
0.0006691550001960422
0.0005334649999895191
0.0006420159998015151
0.0005528419997062883
0.0006670399998256471
0.0004334010000093258
0.0006328109998321452
0.0004546870000012859
0.000626956999894901
0.0005056050003986456
0.0006438000000343891
0.000627365000127611
0.0006587349998881109
0.0006204260002959927
0.0006432909999602998
0.00046031400006540935
0.0006361880000440578
0.0006048089999239892
0.0006426449999707984
0.001287198000227363
0.0006474349997915851
0.0005943139999544655
0.0006481589998657
0.0006011560003571503
0.0006766719998267945
0.0005329749997144972
0.000639090000277065
0.0005204419999245147
0.0006419079995794164
0.0005404909998105722
0.0006381559996953001
0.0005363889999898674
0.0006327000000965199
0.0005111589998705313
0.0006408029998965503
0.00041411600022911443
0.0006314669999483158
0.0004977829999006644
0.0006736579998687375
0.0006277030001911044
0.0006639220000579371
0.0006927550002728822
0.0006715579997944587
0.0006687609998152766
0.000662763000036648
0.0005314310001267586
0.0006819509999331785
0.0004942760001540591
0.0007495120003113698
0.0005393659998844669
0.000671773999783909
0.0005919430000176362
0.0006672280001112085
0.0005892460003451561
0.0006566029996974976
0.0004849570000260428
0.0006446620000133407
0.0005055090000496421
0.0006651110002167115
0.0005810570000903681
0.0006710650000059104
0.0004593419998855097
0.0006860440003038093
0.0004380979999041301
0.0006283849997998914
0.0006497180002043024
0.0006335530001706502
0.00043858999970325385
0.0006616020000365097
0.0004316439999456634
0.0006409449997590855
0.0005813830002807663
0.0006537550002576609
0.0004378429998723732
0.0006415860002562113
0.00048197199976129923
0.0006382160004250181
0.0005803799999739567
0.0006374209997375146
0.00046107000025585876
0.0006514360002256581
0.0005257849998088204
0.0006781460001548112
0.0004949079998368688
0.0006323369998426642
0.0004929900001116039
0.0006526759998450871
0.00043521499992493773
0.0006344540001919086
0.00045917499983261223
0.0006542249998346961
0.00046032499994907994
0.0006418520001716388
0.0005177739999453479
0.0006311520000963355
0.0005093409999972209
0.0006312409996098722
0.00047156299979178584
0.000641943000118772
0.0004250280003361695
0.0006410099999811791
0.00061564499992528
0.0006403010002031806
0.0005579580001722206
0.0006327309997686825
0.00047582499973941594
0.0006611709995922865
0.00048317399978259346
0.0006414280001081352
0.0005418440000539704
0.0006551100000251608
0.0004668379997383454
0.0006608710000364226
0.0004937809999319143
0.0006382499996107072
0.00043337399984011427
0.0006268150000323658
0.0005469470002026355
0.0006514529995911289
0.0005034880000494013
0.0006436779999603459
0.0006557239998983277
0.0006482329999926151
0.0004676850003306754
0.00061112299999877
0.0004982750001545355
0.0006217949999154371
0.0004883950000476034
0.0006393809999281075
0.0005326730001797841
0.0006596010002795083
0.00048949200026982
0.0006506129998342658
0.0005169639998712228
0.0006334370000331546
0.0004994400001123722
0.0006633650000367197
0.0005534249999072927
0.000638352999885683
0.0004459980000319774
0.0006417050003619806
0.0005512779998753103
0.0006376290002663154
0.00048327900003641844
0.0006513129997074429
0.0004627610001080029
0.0006262110000534449
0.0004645249996428902
0.0006707080001433496
0.0005184259998713969
0.0006714549999742303
0.0004927439999846683
0.0006728429998474894
0.0005278110002109315
0.0006600340002478333
0.0005648660003316763
0.0006786469998587563
0.0006773690001864452
0.0006739710001966159
0.0005551659996854141
0.0006943999997020001
0.0005526850000023842
0.0006681539998680819
0.0006629150002481765
0.0006721059999108547
0.0006434100000660692
0.0006910789998073597
0.0006887329996061453
0.0006846400001450093
0.0005737680003221612
0.0006866450003144564
0.0004654819999814208
0.0006233960002646199
0.0004948770001647063
0.0006459460000769468
0.0006255680000322172
0.0006538680004268826
0.0005378070000006119
0.0006354100000862672
0.0005534000001716777
0.0006411239996850782
0.0004106589999537391
0.0006544890002260217
0.0005183359999136883
0.0006646100000580191
0.0005632550000882475
0.0006424130001505546
0.0006673539996882027
0.000683039999785251
0.00048743399975137436
0.0006518929999401735
0.0006190320000314387
0.0006386449999808974
0.0004223700002512487
0.0006638899999416026
0.0005454049996842514
0.0006460069998865947
0.0004902750001747336
0.0006202209997354657
0.0004925649996039283
0.0006420409999918775
0.0005534420001822582
0.0006442089998017764
0.0004967899999428482
0.00064215200018225
0.0005216270001255907
0.000657717999729357
0.000558241999897291
0.0006439690000661358
0.000579575000301702
0.0006530739997288038
0.0006047169999874313
0.0006857080002191651
0.0004776659998242394
0.0006473270000242337
0.0012822300000152609
0.0006641350000791135
0.0004186910000498756
0.0006454159997701936
0.000533636000000115
0.0006437860001824447
0.0005258750002212764
0.0006529049996970571
0.0006127840001681761
0.0006271639999795298
0.00046759200040469295
0.000607346999913716
0.0005340269999578595
0.0006629150002481765
0.000426444999902742
0.0006581579996236542
0.0005959999998594867
0.0006522300000142423
0.00046448799957943265
0.0006487749997177161
0.0005254260004221578
0.0006601269997190684
0.0005223809998824436
0.0006391699998857803
0.0004125529999328137
0.0006374879999384575
0.0004904249999526655
0.0006514049996440008
0.0006400789998224354
0.0006728270000166958
0.000622045000000071
0.0006369309999172401
0.0012603280001712847
0.000672071999815671
0.000503984999795648
0.0006453959999817016
0.0005392210000536579
0.0006387899998117064
0.0004800360002263915
0.0006362440003613301
0.0005714580001949798
0.0006937729999663134
0.0005146470002728165
0.0006784600000173668
0.0012948080002388451
0.0006517470001199399
0.0005101489996377495
0.0006572109996341169
0.0006142600000202947
0.0006608379999306635
0.0006202540002959722
0.0006599450002795493
0.0004111809998903482
0.0006533169998874655
0.0005713189998459711
0.000702259999798116
0.00042827500010389485
0.0006692319998364837
0.0006006180001350003
0.0006941749998077285
0.0005139029999554623
0.0006727810000484169
0.0005793129998892255
0.0007023149996712164
0.000565433999781817
0.0006395610002982721
0.0005911100001867453
0.0006316760000117938
0.0004987639999853855
0.0006368520002979494
0.0004989140002180648
0.000614196000242373
0.0005498640002770117
0.000635363999663241
0.0004434070001479995
0.0006776830000490008
0.0005499409999174532
0.0006246829998417525
0.00045222500011732336
0.0006579300002158561
0.00041721300021890784
0.0006349290001708141
0.0004941120000694355
0.0006524180002998037
0.0006126270000095246
0.0006497760000456765
0.000552579000213882
0.0006518079999295878
0.0006326419998003985
0.0006467340003837307
0.0004904610000266985
0.0006556309999723453
0.0005358659996090864
0.0006451210001614527
0.00044859099989480455
0.0006846880000921374
0.0004788219998772547
0.0006373329997586552
0.0005035049998696195
0.0006326399998215493
0.000629934999778925
0.0006507909997708339
0.00046862399995006854
0.0006129959997451806
0.0005325590000211378
0.0006499700002677855
0.0005262750000838423
0.0006461110001509951
0.0005024659999435244
0.0006369699999595468
0.000488494999899558
0.000638896000054956
0.00044047399978808244
0.0006733049999638752
0.00041952100036724005
0.0006421009998121008
0.000483510000321985
0.0006652309998571582
0.00041185100008078734
0.0006315470000117784
0.0005252959999779705
0.0006401779996849655
0.0004923490000692254
0.0006389249997482693
0.0004224639997119084
0.0006450539999605098
0.0005046569999649364
0.0006388669999068952
0.00048080199985633953
0.000634751000234246
0.0005140980001669959
0.0006362670001180959
0.0005808790001538
0.0006633450002482277
0.00048735300015323446
0.0006338100001812563
0.00044254000022192486
0.0006759789998795895
0.0005738690001635405
0.000639417999991565
0.0005447929997899337
0.0006421989996852062
0.0005918750002820161
0.0006340889999592036
0.0005120069999975385
0.0006474589999925229
0.0004199489999336947
0.000671823000175209
0.0005065239997747994
0.0006799939997108595
0.0006614950002585829
0.0006617219996769563
0.0005658209997818631
0.0006830400002399983
0.0005195839999032614
0.0006561010000041279
0.0006250729998100724
0.0006710220000059053
0.0027078420002908388
0.0006727729996782728
0.0005985679999866989
0.0006597229998988041
0.0005360000000109721
0.0006792470003347262
0.0005197250002311193
0.0006807300001128169
0.0004253759998391615
0.0006581550001101277
0.0005476389997056685
0.0006876449997434975
0.0005790820000584063
0.0006865440000183298
0.0005223789999035944
0.0006393640001078893
0.0010384050001448486
0.0006389509999280563
0.00047672300024714787
0.0006426059999284917
0.000584679999974469
0.0006568349999724887
0.0004785200003425416
0.0006310080002549512
0.0005444580001494614
0.000649503999738954
0.0005314209997777652
0.0006396260000656184
0.000535757999841735
0.0006514579999929992
0.000487523999709083
0.0006425299998227274
0.000520397999935085
0.0006402940002772084
0.0006299120000221592
0.0006162680001580156
0.0004760540000461333
0.0006424590001188335
0.0004462980000425887
0.0006420800000341842
0.0005748799999309995
0.0006738819997735845
0.0005673089999618242
0.0006325760000436276
0.00041296799963674857
0.0006361139999171428
0.0005686889999196865
0.0006431080000766087
0.0004179110001132358
0.0006644850000157021
0.0006446969996432017
0.0006355659998007468
0.00048011000035330653
0.0006806549999964773
0.0004295779999665683
0.0006408790000023146
0.0007043690002319636
0.0006416910000552889
0.000503452999964793
0.0006362979997902585
0.00041136499976346386
0.0006455230000028678
0.0005677040003320144
0.0006495809998341429
0.0005971629998384742
0.0006524079999508103
0.0005222930003583315
0.0006446920001508261
0.0005309339999257645
0.0006579939999937778
0.0005401280000114639
0.0006677449996459472
0.0005981379999866476
0.0006417380000129924
0.0005255260002741124
0.0007086290002007445
0.0005169129999558209
0.0006298650000644557
0.0005011590001231525
0.0006553299999723095
0.0005223759999353206
0.0006550440002683899
0.0005550779997065547
0.0006500979998236289
0.0005823559999953432
0.0006716540001434623
0.00041948399984903517
0.0006198039995979343
0.0005951010002718249
0.000634038999578479
0.0006330810001600184
0.0006170829997245164
0.0006204259998412454
0.0006373000001076434
0.0005933219999860739
0.000645948000055796
0.0004774989997713419
0.0006396449998646858
0.0006375850002768857
0.000675582999974722
0.0005428389999906358
0.0006430650000766036
0.0005202540000937006
0.0006576320001840941
0.000557563999791455
0.0007055699998090859
0.0005721349998566438
0.0006691479998153227
0.0005251470001894631
0.0006585629998880904
0.0005923369999436545
0.0006867279998914455
0.0005631260000882321
0.0006762029997844365
0.000671225999667513
0.0006886290002512396
0.000634787000308279
0.0006298559997048869
0.0004557629999908386
0.0006774159996894014
0.0005232830003478739
0.0007074389995977981
0.0005879610002921254
0.0006463060003625287
0.0005321620001268457
0.0006284470000537112
0.0006181959997775266
0.000644622999971034
0.0005773439997938112
0.0006387260000337847
0.00046272500003397
0.0006754569999429805
0.00043044299991379376
0.000640074999864737
0.000422884000272461
0.0006365839999489253
0.0005203079999773763
0.0006407299997590599
0.0004835700001422083
0.0006425490000765421
0.00128249199997299
0.0006490890000350191
0.0005422260001068935
0.0006387769999491866
0.0004988420000699989
0.0006482359999608889
0.0011786529998971673
0.0006522730000142474
0.000487080999846512
0.000630441999874165
0.0004102289999536879
0.0006359170001815073
0.00041364299977431074
0.000699721000273712
0.0005551369999921008
0.0006455389998336614
0.0006149089999780699
0.000642188000256283
0.0005818620002173702
0.0006340579998322937
0.0005091889997856924
0.000626148999799625
0.0005036550001022988
0.0006677309997940029
0.0005066090002401324
0.0006317059996945318
0.0004799819998879684
0.0006491469998763932
0.000548019999769167
0.0006414269996639632
0.0006374869999490329
0.000627473999884387
0.0004762270000355784
0.0006462749997808714
0.0005529869999918446
0.0006345699998746568
0.00046584500023527653
0.0006249709999792685
0.000528435999967769
0.0006393569997271698
0.0005411530000856146
0.0006308619999799703
0.000538552999842068
0.0006525159997181618
0.0005160250002518296
0.0006597450001208927
0.0012850660000367498
0.0006424180000976776
0.0006512779996228346
0.0006437869997171219
0.0005050089998803742
0.0006651580001744151
0.0005011759999433707
0.0006568700000570971
0.0006063060000087717
0.0006368520002979494
0.00046090500018181046
0.0006431360002352449
0.0004930189998049173
0.0006658020001850673
0.000425682999775745
0.000624604999757139
0.000545515999874624
0.0006387769999491866
0.0005745700000261422
0.0006606269998883363
0.0004974089997631381
0.0006657330000052752
0.00043701300000975607
0.0006522630001200014
0.0005608569999822066
0.0006833550000919786
0.0006520629999613448
0.0006739390000802814
0.0005903219998799614
0.0006973009999455826
0.0007041859998935251
0.000695989999712765
0.0006204890000844898
0.0006755959998372418
0.0006236209997041442
0.0006720890000906365
0.000684643000113283
0.0006702030000269588
0.0006798949998483295
0.0007017709999672661
0.000649135000003298
0.0006757840001228033
0.0005721730003642733
0.0007050340000205324
0.000546148000012181
0.0006503669997073303
0.0005917869998484093
0.000631995999810897
0.0005451700003504811
0.0006360180000228866
0.0006260120003389602
0.000639547999981005
0.0006298089997471834
0.0006390280000232451
0.0005751680000685155
0.0006405409999388212
0.0005612600002677937
0.0006454760000451643
0.0005907370000386436
0.0006463159998020274
0.000571371000205545
0.0006314729998848634
0.0006194739999045851
0.0006520220003949362
0.00041520499962643953
0.0006298280000009981
0.0006499470000562724
0.0006434530000660743
0.0005179780000617029
0.0006176130000312696
0.00041534399997544824
0.0006673440002487041
0.0005922919999648002
0.000655008000194357
0.0005856289999428554
0.000646850000066479
0.001269635999960883
0.0006320470001810463
0.00045400199996947777
0.0006513490002362232
0.0005797479998363997
0.0006358590003401332
0.0006012079998072295
0.0006426400000236754
0.0005127929998707259
0.0006439969997700246
0.0005416109997895546
0.0006708060000164551
0.0005331699999260309
0.000643203999970865
0.0005878789997950662
0.0006453959999817016
0.0004981909996786271
0.0006516309999824443
0.0006173070000841108
0.0006455839998125157
0.0005462030003400287
0.0006446969996432017
0.000628688999768201
0.0006380790000548586
0.0005316370002219628
0.0006472739996752352
0.00047194499984470895
0.000637864000054833
0.0005919889999859151
0.0006359469998642453
0.0006242929998734326
0.0006568069998138526
0.0006160650000310852
0.0006349160003082943
0.0006234070001482905
0.0006626130002587161
0.0005866920000698883
0.0006423660001928511
0.0005014239995944081
0.0006454409999605559
0.0005752559995926276
0.0006368509998537775
0.0005172830001356488
0.0006492220004474802
0.0005853659999957017
0.00066787400010071
0.0005513810001502861
0.0006165449999571138
0.0005758170000262908
0.0006380690001606126
0.00045903399995950167
0.0006445230001190794
0.0004870020002272213
0.0006680159999632451
0.0006352629998218617
0.0006632569998146209
0.0005981969998174463
0.0006701749998683226
0.00041920700004993705
0.0006671179999102606
0.0005478709999806597
0.0006632720001107373
0.0005749749998358311
0.0006741299998793693
0.000426329999754671
0.000657548000162933
0.0005126150003889052
0.0006684040004074632
0.0005851089999850956
0.0006661350003014377
0.0005357300001378462
0.0006682930002170906
0.0005747539998992579
0.0006643810002060491
0.0006640430001425557
0.0006713819998367399
0.002249350000056438
0.0006410910000340664
0.0005041090003032878
0.0006483069996647828
0.0006180120003591583
0.0006358269997690513
0.0004156420000072103
0.0006169840003167337
0.00046390700026677223
0.0006350759999804723
0.00045206999993752106
0.0006468999999924563
0.0006147779999992053
0.0006304009998530091
0.00048161799986701226
0.0006290320002335648
0.0005418779996944068
0.0006551880001097743
0.0005030319998695632
0.0006300179998106614
0.0005895350000173494
0.0006275010000535985
0.0005378299997573777
0.0006427959997381549
0.0004742840001199511
0.000659640000321815
0.00048637999998391024
0.0006602209996344754
0.0004930179998154927
0.0006495659999927739
0.0006303499999376072
0.0006083889998080849
0.0004992369999854418
0.0006369269999595417
0.0004795559998456156
0.0006606779998037382
0.0005444450002869416
0.0006680129999949713
0.0005339289996300067
0.0006371360000230197
0.0006398660002560064
0.0006339910000860982
0.00045529199996963143
0.0007225770000331977
0.000505976999647828
0.000641065999843704
0.0005434340000647353
0.0006533820001095592
0.0005413800004134828
0.0006560070000887208
0.0005065280001872452
0.0006404750001820503
0.0004339629999776662
0.0006469280001510924
0.00046698199957972975
0.0006447900000239315
0.0005976669999654405
0.0006406859997696301
0.0004793220000465226
0.0006381349999173835
0.00044850800031781546
0.0006750390002707718
0.0004966689998582297
0.0006432690001929586
0.00043021300007239915
0.0006924529998286744
0.0004929259998789348
0.000659042999814119
0.0004951440000695584
0.0006347030002871179
0.0004716469998129469
0.0006447559999287478
0.0025905109996529063
0.0006378160001077049
0.0005231559998719604
0.0006533959999615035
0.0005938009999226779
0.0006458810003096005
0.0005432699999801116
0.0006412130001081096
0.0004602670001077058
0.0006159500003377616
0.0005254889997559076
0.0006896909999341005
0.0004238810001879756
0.0006970340000407305
0.0004257129999132303
0.000674840999636217
0.0005505890003405511
0.0006324460000541876
0.0006406239999705576
0.000659770000311255
0.0005435929997474886
0.000672316999953182
0.00056351499961238
0.0006641019999733544
0.0005649199997606047
0.0006775599999855331
0.0005194989998926758
0.00064773200028867
0.0005617619999611634
0.0006468950000453333
0.0005251699999462289
0.0006764280001334555
0.000567939000120532
0.0006759050002074218
0.0005403349996413453
0.0006815310002821207
0.0005414310003288847
0.0006575140000677493
0.0005284759999995003
0.0006465299998126284
0.0005032509998272872
0.0006506479999188741
0.000559670999791706
0.0006377190002240241
0.0005194360001041787
0.0006831689997852664
0.0004977660000804462
0.0006641649997618515
0.0005584969999290479
0.0006188870002006297
0.0005336340000212658
0.000684564000039245
0.0005565899996327062
0.0006483930001195404
0.0004895930001111992
0.0006256759997995687
0.00043923400016865344
0.0006766070000594482
0.00046015299994905945
0.00063356600003317
0.000457554999684362
0.0006556210000780993
0.0005256209997241967
0.0006324529999801598
0.0005583900001511211
0.000656980000258045
0.0005045289999543456
0.00065018199984479
0.0005500419997588324
0.0006394490001184749
0.0004711680003310903
0.0006368049998854985
0.0004893559998890851
0.0006330599999273545
0.000457515000107378
0.0006519859998661559
0.0004185150000921567
0.000632685000255151
0.0004986439998901915
0.0006482500002675806
0.0005705949997718562
0.0006731749999744352
0.000641768999685155
0.0006543240001519735
0.0005890580000595946
0.0006796030002078624
0.0004906369999844173
0.0006358079999699839
0.0004938430001857341
0.0006592710001314117
0.0004690850000770297
0.0006360639999911655
0.0005605300002571312
0.0006493979999504518
0.0005500960000972555
0.0006561790000887413
0.000552793000224483
0.0006307240000751335
0.0005308859999786364
0.0006333760002235067
0.0004950620000272465
0.0006569940001099894
0.0006084399997234868
0.0006404850000762963
0.0005840449998686381
0.0006371560002662591
0.0005606200002148398
0.0006336199999168457
0.0004438859996298561
0.0006510159996651055
0.0005276699998830736
0.0006336639999062754
0.0006393839998963813
0.0006364580003719311
0.00057758200000535
0.0006733539999004279
0.0006319980002444936
0.0006601009999940288
0.00048033400025815354
0.0006533099999614933
0.0005675140000676038
0.0006528479998451076
0.0005928969999331457
0.0007101439996404224
0.0005122049997225986
0.0006752409999535303
0.000555311999960395
0.0007355779998761136
0.0005353189999368624
0.0006584879997717508
0.0006367739997585886
0.0006851040002402442
0.0005919199998061231
0.0006613840000682103
0.000685689999954775
0.0006599269995604118
0.0005603770000561781
0.0006547030002366228
0.0005432980001387477
0.0006499850001091545
0.0005310699998517521
0.0007005340003161109
0.0006881219997012522
0.0006873139996059763
0.0005358050002541859
0.0006382370002029347
0.0005540389997804596
0.0006229789996723412
0.0006025390002832864
0.0006403630000022531
0.0005596440000772418
0.0006973409999773139
0.0022281209999164275
0.0006505979999928968
0.0004914199998893309
0.0006426979998650495
0.0006075440001040988
0.0006569379997927172
0.000579369999741175
0.0006896350000715756
0.000572485999782657
0.0006368149997797445
0.0005891619998692477
0.0006401119999281946
0.0005000619999009359
0.0006564099999195605
0.0004703489998973964
0.0006740310000168392
0.0006170320002638618
0.0006480229999397125
0.0004517540000961162
0.0006399250000868051
0.0004618269999809854
0.0006607529999200779
0.0005288399997880333
0.0006370669998432277
0.000459506999959558
0.0006409110001186491
0.00043269000025247806
0.0006565839998984302
0.0004772070001308748
0.0006565870003214513
0.0006027439999343187
0.0006247640003493871
0.0004925919997731398
0.0006422330002351373
0.0005318990001796919
0.0006576460000360385
0.0004933000000164611
0.0006387000003087451
0.0004910799998469884
0.0006639789999098866
0.0006018200001562946
0.0006458029993154923
0.000573577000068326
0.0006206859998201253
0.000613317999523133
0.0006519729995488888
0.00048072600020532263
0.0006394270003511338
0.0005046810001658741
0.0006403899997167173
0.0005646339996019378
0.0006426350000765524
0.0004917539999951259
0.0006347609996737447
0.0005100349999338505
0.0006421119996957714
0.0005779020002592006
0.0006713530001434265
0.00045602000045619207
0.0006400920001397026
0.0005417719994511572
0.0006464049993155641
0.0006124149995230255
0.0006604840000363765
0.0004846620004173019
0.000662333999571274
0.0005254289999356843
0.0006425279998438782
0.0005713580003430252
0.0006488089993581525
0.0005051619991718326
0.0006938240003364626
0.0005296210001688451
0.0006362969998008339
0.0005091470002298593
0.0006393879993993323
0.0004761459995279438
0.0006944420001673279
0.0004199429995423998
0.0006496190007965197
0.0005980899995847722
0.000685678999616357
0.0005249509995337576
0.0006581540001207031
0.0005329040004653507
0.000685105999764346
0.0005113600000186125
0.0006770800000595045
0.000416369000049599
0.0006896930008224444
0.0005265170002530795
0.0006688609992124839
0.0005322580000211019
0.0006633849998252117
0.0006103010000515496
0.0006973449999350123
0.0004914360006296192
0.0006770869995307294
0.0006705380001221783
0.0007011159996181959
0.0005129159999341937
0.0006431270003304235
0.0005170009999346803
0.0006429140003092471
0.0004776389996550279
0.0006410099995264318
0.0005288679994919221
0.0006457209992731805
0.0006186529999467894
0.0006518449999930453
0.0004155810001975624
0.0006392670002242085
0.0006041130000085104
0.0007305380004254403
0.0004916679999951157
0.000689558999511064
0.0006183610003063222
0.0006476230000771466
0.0004408080003486248
0.0006486150005002855
0.00047855799948592903
0.0006399149997378117
0.0005013330001020222
0.000651724999443104
0.0005558170005315333
0.0006483820006906171
0.0006194070001583896
0.0006414379995476338
0.00043558200013649184
0.0006364559994835872
0.0017453339996791328
0.0006528169997181976
0.0005393230003392091
0.0006476460002886597
0.0004853589998674579
0.0006659000000581727
0.0006142709999039653
0.0006345539995891158
0.0005190250003579422
0.0006237359993974678
0.0004988869995941059
0.000639543000033882
0.0005686519998562289
0.0006302100000539212
0.0004934060007144581
0.0006433460002881475
0.0005542699991565314
0.0006385270007740473
0.0005003770002076635
0.0006466780005212058
0.0005678999996234779
0.0006352620002871845
0.0004495760003919713
0.0006444389991884236
0.0005856640000274638
0.0006394289994204883
0.0004772950005644816
0.0006532150000566617
0.0005640059998768265
0.0006514189999506925
0.0005501549994733068
0.0006446940005844226
0.0005153669999344856
0.000657214000057138
0.0004769789993588347
0.0006476389999079402
0.000620630999947025
0.0006496409996543662
0.0005424769997262047
0.0006764529998690705
0.0005777800006399048
0.0006528849999085651
0.0005247549997875467
0.0006456149994846783
0.0005738130003010156
0.0006663909998678719
0.0005267610004011658
0.0006453070000134176
0.0005573569997068262
0.0006528289995912928
0.0005440109998744447
0.0006392799996319809
0.0006161490000522463
0.0006570730001840275
0.00045974200020282296
0.0006834120003986754
0.0005037679993620259
0.0006658419997620513
0.0005513870000868337
0.0006675509994238382
0.0005393099991124473
0.0006625349997193553
0.0006196170006660395
0.0006738860001860303
0.0005419979997896007
0.0006580580002264469
0.00041991200032498455
0.0006988470004216651
0.0005761769998571253
0.000677337000524858
0.00051139700008207
0.0006405309995898278
0.0005225269997026771
0.0007119310002963175
0.0005673830000887392
0.0006471470005635638
0.0005754080002589035
0.0007246790000863257
0.0004919389994029189
0.0006354310007736785
0.0005116829997859895
0.0006454260001191869
0.0005414549996203277
0.0006380999993780279
0.00041526400036673294
0.0006400199999916367
0.0005320400005075498
0.0006389949994627386
0.0005462660001285258
0.000645454999357753
0.00044854000043415
0.0006407990003935993
0.0005114129999128636
0.0006917570008226903
0.00047896200067043537
0.0006215499997779261
0.0005271579993859632
0.0006431379997593467
0.0004936380000799545
0.0006179040001370595
0.0005020130001867074
0.000635653000244929
0.0005708580001737573
0.0006453280002460815
0.00053486700016947
0.0006621680004172958
0.0005328689994712477
0.0006465289998232038
0.0004978979995939881
0.000637406000350893
0.0006320459997368744
0.0006467620005423669
0.0005152989997441182
0.0006471140004578047
0.0006059529996491619
0.0006391349998011719
0.0004752989998451085
0.0006416779997380218
0.0004918949998682365
0.000654957999358885
0.0004992499998479616
0.0006978040000831243
0.0012559750002765213
0.0006395050004357472
0.0004731939998237067
0.0006429309996747179
0.0004935619999741903
0.0006472249997386825
0.0005353189999368624
0.0006430260000342969
0.0005277139998725033
0.0006441490004363004
0.0005628319995594211
0.000622871999439667
0.0005912750002607936
0.0006423419999919133
0.0005601600005320506
0.0006395229993358953
0.0005228609998084721
0.0006513429998449283
0.0005093630006740568
0.0006355709992931224
0.0005288090005706181
0.0006571069998244639
0.00046937800016166875
0.0006476849994214717
0.0006387260000337847
0.0006518539994431194
0.0005401290000008885
0.000636882999970112
0.0005008199996154872
0.0006395079999492737
0.0005001440003979951
0.0006385090000549098
0.0005870499999218737
0.0006537809995279531
0.0022171079999679932
0.0006456069995692815
0.000575340000068536
0.0006443530000979081
0.000542054000106873
0.0006471870001405478
0.0004850470004384988
0.0006710040006510098
0.000713802000063879
0.000665088999994623
0.0005102130007799133
0.0006643360002271947
0.00042148000011366094
0.0006975959995543235
0.0005032980006944854
0.0006734360003974871
0.0006593789994440158
0.0006551880005645216
0.0006209950006450526
0.0006775580004614312
0.0005080979999547708
0.0006665289993179613
0.0005030510001233779
0.0006859240002086153
0.0004994930004613707
0.0006732080000801943
0.0005624890000035521
0.0006653580003330717
0.0005392579996623681
0.0007173670001066057
0.0005272489997878438
0.0006507649995910469
0.0005133610002303612
0.0006276029998844024
0.000538870999662322
0.0006384480002452619
0.0005632310003420571
0.0006635499994445127
0.0006014099999447353
0.0006686739998258417
0.00048177400003623916
0.0006809850001445739
0.0005374390002543805
0.0006643899996561231
0.000607562000368489
0.0006457770004999475
0.000545820000297681
0.0006428890001188847
0.0005254050001894939
0.0006532730003527831
0.0004888619996563648
0.000650705000225571
0.0005042579996370478
0.0006395070004145964
0.0005010879995097639
0.0006313229996521841
0.0004827450002267142
0.0006389210002453183
0.0004191779999018763
0.0006681240001853439
0.0005025600003136788
0.000647322999611788
0.0005382249992180732
0.0006339900000966736
0.0005788890002804692
0.0006398640007319045
0.0006416539999918314
0.000650066999696719
0.0004854499993598438
0.0006644699997195858
0.0026566380001895595
0.0006698969991703052
0.0005330759995558765
0.0006386369996107533
0.0006176140004754416
0.0006635319996348699
0.0005373639996832935
0.0006464460002462147
0.00047545199959131423
0.0006660170001850929
0.0005993020004098071
0.0006480470001406502
0.0006235060000108206
0.0006710000006933114
0.0005433520000224235
0.00063839700032986
0.0006051379996279138
0.0006412239999917801
0.0005702839998775744
0.0006496559999504825
0.00048253400018438697
0.0006543059998875833
0.000650570000289008
0.0006441810000978876
0.0005428220001704176
0.0006386960003510467
0.0005627139998978237
0.0006550409998453688
0.0005786500005342532
0.0006565410003531724
0.0005524880007214961
0.0006526279994432116
0.0006036830000084592
0.0006439389999286504
0.000592061000133981
0.000631031000011717
0.00041729799977474613
0.0006439690005208831
0.0006134530003691907
0.0006566299998667091
0.0004746999993585632
0.0006406169995898381
0.0006178040002851048
0.0006773249997422681
0.0005433429996628547
0.0006666369999948074
0.0006368690001181676
0.0006819830005042604
0.0006495249999716179
0.0006831540003986447
0.0006765369998902315
0.0006708450000587618
0.0005131620000611292
0.0006364199998643016
0.0005613789999188157
0.0006615689999307506
0.0005038239996792981
0.0006709670005875523
0.00041804000011325115
0.0006746649996784981
0.0005978709996270481
0.0006752029994459008
0.000664481999592681
0.0006726679994244478
0.0005758019997301744
0.0006622529999731341
0.0006333739993351628
0.0007088390002536471
0.00047941100001480663
0.0006230819999473169
0.0005122419997860561
0.0006471859996963758
0.00051338899993425
0.000633870000456227
0.0005041429994889768
0.0006358910004564677
0.0006383999998433865
0.000644310000097903
0.00047242700020433404
0.0006444649998229579
0.0006255979997149552
0.0006461160000981181
0.0005529699992621318
0.0006527199993797694
0.0006103840005380334
0.0006453060004787403
0.0004617910008164472
0.0006365050003296346
0.0006149789996925392
0.0006706989997837809
0.00046250700052041793
0.0006653229993389687
0.0005067889997008024
0.0006523609999931068
0.0004820519998247619
0.0006435700006477418
0.0005305200002112542
0.0006397289998858469
0.0004637140000340878
0.0006693289997201646
0.00047640499997214647
0.0006208229997355375
0.0005132159994900576
0.0006347480002659722
0.0004980730000170297
0.000640211000245472
0.0005053439999755938
0.0006348630004140432
0.00047740999980305787
0.0006431830006476957
0.0004679260000557406
0.0006650010000157636
0.0004843699998673401
0.0006282269996518153
0.0005596640003204811
0.0006779049999749986
0.000476527000500937
0.0006458830002884497
0.0005324390003806911
0.0006415620000552735
0.0004508680003709742
0.0006481350001195096
0.0004963040000802721
0.0006416149999495246
0.0005794970002170885
0.0006408600002032472
0.0005107160004627076
0.0006357319998642197
0.00045784499980072724
0.0006582760006494937
0.0005449440004667849
0.0006383649997587781
0.0005838639999637962
0.0006398409996108967
0.0004736640003102366
0.0006343289996948442
0.0005724519996874733
0.0006370909995894181
0.0005114890000186278
0.0006465149999712594
0.0004906320000372943
0.0006299650003711577
0.0005237509994913125
0.0006643050001002848
0.0005679619998772978
0.0006730850000167266
0.0006355929999699583
0.0006403429997590138
0.0005990309991830145
0.0006596149996767053
0.0005536200005735736
0.0006787869997424423
0.0005383440002333373
0.0006492590000561904
0.00041407099979551276
0.0006739899999956833
0.00047798700052226195
0.0006608999992749887
0.0005067680003776331
0.0007269989991982584
0.00048465500003658235
0.0006631270007346757
0.0005087929994260776
0.0006710219995511579
0.0005131879997861688
0.0006972589999350021
0.0006298870002865442
0.0006657710000581574
0.0005208110005696653
0.0006626220001635375
0.0007082880001689773
0.0006330860005618888
0.0005678099996657693
0.0006692469996778527
0.0004953970001224661
0.000694651000230806
0.0005781410000054166
0.0006423389995688922
0.00047076600003492786
0.0006442290004997631
0.0005196279998926912
0.0006449279999287683
0.0005209380005908315
0.0006684340005449485
0.0006235310002011829
0.0006365380004353938
0.0006370049995894078
0.0006392010000126902
0.0005978509998385562
0.0006676590001006844
0.0005797659996460425
0.0006488009994427557
0.0005835829997522524
0.0006473060002463171
0.0005807339994134963
0.0006534309995913645
0.0004622529995685909
0.0006366210000123829
0.0005199790002734517
0.0006431279998651007
0.0005709719998776563
0.0006687120003334712
0.0006134189998192596
0.0006408089993783506
0.0005425530007414636
0.0006554230003530392
0.0005139000004419358
0.0006306879995463532
0.0005269600005703978
0.0006782680002288544
0.0006648559992754599
0.0006425880001188489
0.0005997589996695751
0.0006491759995697066
0.000518834000104107
0.0006520860006276052
0.0006448639996960992
0.0006550779999088263
0.0005666960005328292
0.0006167669998831116
0.00048633700043865247
0.0006382780002240906
0.0004256390002410626
0.0006517649999295827
0.00047319899931608234
0.0006704029992761207
0.0005429559996628086
0.00065393699969718
0.0005068460004622466
0.0006398000004992355
0.000460369000393257
0.000650369999675604
0.0005010370005038567
0.0006476389999079402
0.00045385800058284076
0.0006541339998875628
0.0017034410002452205
0.0006700290005028364
0.0004648160002034274
0.0006216430001586559
0.0005757899998570792
0.0006613559999095742
0.0005232040002738358
0.0006331399999908172
0.0005094759999337839
0.0006159699996715062
0.00044154300030641025
0.0006377399995471933
0.00047894700037431903
0.000657971999316942
0.0005070429997431347
0.0006451500003095134
0.0005593749992840458
0.0006434599999920465
0.0005680639997081016
0.0006429389995901147
0.0004799489997822093
0.0006613879995711613
0.0004988869995941059
0.0006568979997609858
0.0005977929995424347
0.0006666769995717914
0.0005395779999162187
0.0006641540003329283
0.0005665899998348323
0.0006598829995709821
0.0005323639998096041
0.0007038980002107564
0.0005769670005975058
0.0006684979998681229
0.0005066880003141705
0.0006715360004818649
0.0005409739997048746
0.0006688420007776585
0.0004979260002073715
0.0006612420002056751
0.000663335999888659
0.0006678820000161068
0.0005265090003376827
0.0006900259995745728
0.0005907710001338273
0.0006601909999517375
0.0005649900003845687
0.0007014590000835597
0.0005555150000873255
0.0006429349996324163
0.0006206160005604033
0.0006398830000762246
0.0004968269995515584
0.0006337100003293017
0.00048461400001542643
0.0006297760000961716
0.000543463000212796
0.0006606169999940903
0.0005045910002081655
0.0006612209999730112
0.0006079619997763075
0.0006452229999922565
0.0004356340004960657
0.0006488509998234804
0.00050783999995474
0.0006341660000543925
0.0004290409997338429
0.00067495700022846
0.0004972440001438372
0.0006395290001819376
0.0004106030000912142
0.0006466019995059469
0.0005335330006346339
0.0006461319999289117
0.0005678469997292268
0.0006300599998212419
0.0005623469996862696
0.0006499700002677855
0.0004162679997534724
0.0006298840007730178
0.0005431070003396599
0.0006412239999917801
0.0005046809992563794
0.0006407460004993482
0.0004803339998034062
0.0006481469999926048
0.0004533679993983242
0.0006503330005216412
0.0006149089995233226
0.0006484199993792572
0.001267923999876075
0.0006384630005413783
0.0005939739994573756
0.0006416060004994506
0.0005427169999165926
0.0006458510006268625
0.0005378460000429186
0.0006305560000328114
0.0005654100004903739
0.0006439059998228913
0.0006423309996534954
0.0006381479997799033
0.0004238089995851624
0.0006283980001171585
0.0005975389995001024
0.00065636799990898
0.00044760899982065894
0.0006432669997593621
0.0005507030000444502
0.0006454450003730017
0.0005356459996619378
0.0006312020004770602
0.00044155700015835464
0.0006327379996946547
0.0006352749996949569
0.0006469999998444109
0.0005461280006784364
0.0006811049997850205
0.0004437259995029308
0.000636738000139303
0.0005629550005323836
0.0006342299993775669
0.0005667519999406068
0.0006507379994218354
0.00045883399980084505
0.0006479359999502776
0.0004839210005229688
0.0006386009999914677
0.0005471069998748135
0.0006509599998025806
0.0005839300001753145
0.0006358719992931583
0.0006053079996490851
0.0006873860002087895
0.0005532200002562604
0.0006692950000797282
0.0005305980002958677
0.000657862000480236
0.0005744449999838253
0.0006609699994442053
0.0004948719997628359
0.0006762900002286187
0.000602077000621648
0.000681925000208139
0.0005403680006565992
0.000670419000016409
0.0005246259997875313
0.0006613850000576349
0.000555178000468004
0.0006726309993609902
0.0006648509997830843
0.0006735619999744813
0.0005942769994362607
0.000667340999825683
0.0005351840000002994
0.000688205000187736
0.0005541849996006931
0.0006516639996334561
0.0006537070003105327
0.0006486199999926612
0.0005185870004424942
0.0006411470003513386
0.0004520089996731258
0.0006323650004560477
0.000457625000308326
0.0006668610003544018
0.0005794849994344986
0.0006416910000552889
0.0004859299997406197
0.0006373859996529063
0.0006413680002879119
0.0006464389998654951
0.0005983389992252341
0.0006299930000750464
0.00041045400030270685
0.00040612799966766033
0.0006467889998020837
0.0006452490006267908
0.000631383999461832
0.0006743129997630604
0.0006325679996734834
0.0006416219994207495
0.0005503279999174993
0.0006273849994613556
0.000563950000469049
0.0006429709992517019
0.0005074440005046199
0.0006500150002466398
0.0004668769997806521
0.0006590029997823876
0.0005300840002746554
0.0006786329995520646
0.0004355530008979258
0.0006279889994402765
0.000429676999374351
0.0006632300001001568
0.0005186400003367453
0.0006553180000992143
0.0005892320004932117
0.0006616549999307608
0.0005347489995983778
0.0006688659996143542
0.0005309159996613744
0.0006540730000779149
0.0006113879999247729
0.0006398049999916111
0.0005255979995126836
0.0006450060000133817
0.0005705900002794806
0.0006338260000120499
0.0005141559995536227
0.0006540849999510101
0.0005019030004405067
0.0006384810003510211
0.0004895330002909759
0.000646604999928968
0.00046439000016107457
0.0006444729997383547
0.0004625850006050314
0.0006505370001832489
0.0006414389999918058
0.0006346789996314328
0.0005683619992851163
0.0006459759997596848
0.0004549120003503049
0.0006662460000370629
0.0005152980002094409
0.0008121820001179003
0.0006562600001416286
0.0006508879996545147
0.0005220299999564304
0.0006612509996557492
0.0005568680007854709
0.0006196530002853251
0.00041405499996471917
0.0006577709991688607
0.00048292700012098067
0.0006400350002877531
0.0005569699997067801
0.0006352679993142374
0.0005379369995353045
0.0006743129997630604
0.0006048769992048619
0.000693001999934495
0.0005473049995998736
0.000664554999275424
0.0004996990001018276
0.0006745979999323026
0.0005749380006818683
0.0007018529995548306
0.0005953970003247377
0.0006759359994248371
0.0006670060001852107
0.000653623999824049
0.0006732339998052339
0.0006617899998673238
0.0004622790002031252
0.0006566330002897303
0.0005788659991594614
0.0006662420000793645
0.0005285440001898678
0.0006708920000164653
0.000674810999953479
0.0007022210002105567
0.0004927709996991325
0.0006333100000119884
0.0005288080001264461
0.0006571390003955457
0.00046163000024534995
0.0006279819999690517
0.000559318000341591
0.0006326479997369461
0.0005460149995997199
0.0006680829992546933
0.0005231240002103732
0.0006443629999921541
0.0005113410006742924
0.0006699879995721858
0.0005407550006566453
0.0006400870006473269
0.0005520969998542569
0.0006768149996787542
0.00042023400055768434
0.0006631209998886334
0.0004933089994665352
0.0006334230001812102
0.00058105800053454
0.0006148009997559711
0.000476032999358722
0.0006587380003111321
0.000553713999579486
0.0006249019997994765
0.0004590840007949737
0.0006547279999722377
0.0004936390005241265
0.0006528250005430891
0.0005653930002154084
0.0006593269999939366
0.0006328660001599928
0.0006624919997193501
0.0004607029995895573
0.0006577750000360538
0.0005011040002500522
0.0006473840003309306
0.0005614440005956567
0.0006501399993794621
0.0004971520002072793
0.0006371520003085607
0.0005987200001982274
0.0006483899996965192
0.0005143509997651563
0.0006443160000344506
0.0005457530005514855
0.0006468359997597872
0.0004979360001016175
0.0006470779999290244
0.0005265419995339471
0.0006422639999072999
0.0005520200002138154
0.0006568270000570919
0.0004116259997317684
0.0006373759997586603
0.0004565480003293487
0.0006262179995246697
0.0004972859996996704
0.0006545000005644397
0.0004897449998679804
0.0006497430003946647
0.0005004619997635018
0.0006467040002462454
0.0006103440000515548
0.0006111749999035965
0.000473219000014069
0.0006493679993582191
0.000556383999537502
0.000638417000118352
0.00048710700048104627
0.0006415580000975751
0.0006012290004946408
0.0006445629996960633
0.00041584200062061427
0.00041294399943581084
0.0004726919996755896
0.0006413029996110708
0.0006242859999474604
0.0006429409995689639
0.0004468340002858895
0.000640553999801341
0.00046880299942131387
0.0006714849996569683
0.0006757740002285573
0.0006966669998291763
0.0005659059997924487
0.0006678049994661706
0.0005723519998355187
0.0006663880003543454
0.0006077250000089407
0.000674448000609118
0.0004883320007138536
0.0006802110001444817
0.0005101279994050856
0.000672774999657122
0.0004952899998897919
0.0006545690002894844
0.0005389739999372978
0.0006854100001874031
0.0006610909995288239
0.0006601699997190735
0.0005821479999212897
0.0006756849998055259
0.0005342399999790359
0.0006854839994048234
0.0004603470006259158
0.0006340190002447343
0.0005014819998905296
0.0006151830002636416
0.0005229460002738051
0.0006323630004771985
0.00045478599986381596
0.0006290760002229945
0.00045421199956763303
0.0006513030002679443
0.0006381829998645117
0.0006695900001432165
0.0005193300003156764
0.0006610910004383186
0.000591517999964708
0.0006359659992085653
0.0004975780002496322
0.0006420359995900071
0.0005486850004672306
0.0006527679997816449
0.0006051249993106467
0.0006387229996107635
0.0006220049999683397
0.0006506649997390923
0.0005817170003865613
0.0006343220002236194
0.0005882679997739615
0.0006548159999510972
0.0004559999997582054
0.0006452879997596028
0.0006170990000100574
0.0006498560005638865
0.0005347380001694546
0.0006431480005630874
0.0005013039999539615
0.000647722000394424
0.0005767719994764775
0.0006452099996749894
0.0004799289999937173
0.0006519440003103227
0.0005872570000065025
0.0006488580002041999
0.0006053690003682277
0.0006507619991680258
0.00045089400009601377
0.0006343690001813229
0.0005103590001453995
0.0006631700007346808
0.0005262109998511733
0.0006435819996113423
0.0005208350003158557
0.000643078999928548
0.00045326599956752034
0.000642631000118854
0.00048024399984569754
0.0006763350002074731
0.0004380039999887231
0.00063443199996982
0.000618035000115924
0.0006267089993343689
0.0006444379996537464
0.0006368060003296705
0.0004524160003711586
0.0006501629995909752
0.0004765390003740322
0.0006576080004379037
0.0004856389996348298
0.0006381110006259405
0.00048029699973994866
0.000645156000246061
0.0004733619998660288
0.0006300739996731863
0.00045455700001184596
0.0006694680005239206
0.00046890199973859126
0.0006353959997795755
0.00041256899930885993
0.0006385030001183623
0.0013174529995012563
0.0006549130002895254
0.0006248049994610483
0.0006446279994634097
0.0005245959991952986
0.0006293630003710859
0.000527390000570449
0.0006486539996330976
0.0005091700004413724
0.0006796320003559231
0.0006416520000129822
0.000664754999888828
0.0005852029999005026
0.0006701270003759419
0.0005007560002923128
0.0006896570002936642
0.0005228210002314881
0.000695038000230852
0.0004213879992676084
0.0006766750002498156
0.0006377910003720899
0.0006803420001233462
0.0005810729999211617
0.0006533519999720738
0.0006226810000953265
0.0006556429998454405
0.000683438000123715
0.0006953290003366419
0.0005554680001296219
0.0006847659997220035
0.0004270800000085728
0.0006340580002870411
0.0005816820003019529
0.0006459509995693224
0.00048485399929631967
0.0006477280003309716
0.0004885859998466913
0.0006369160000758711
0.0004827149996344815
0.0006607430004805792
0.0005588619997070055
0.0006499379996967036
0.0005181979995541042
0.0006228459997146274
0.000502047999361821
0.0006456099999923026
0.0006519779999507591
0.0006279509998421418
0.00044794600034947507
0.0006255340003917809
0.000527221000083955
0.0006364889995893463
0.00044141299986222293
0.0006483709994427045
0.0006054189998394577
0.0006463830004577176
0.0006380320000971551
0.000642669999251666
0.001291562000005797
0.0006411900003513438
0.0005143770003996906
0.0006422039996323292
0.00046097799986455357
0.0006403509996744106
0.000540928000191343
0.0006411409995052963
0.0005420850002337829
0.0006411779995687539
0.0004917290007142583
0.000646616000267386
0.00047378100043715676
0.0006383709996953257
0.0005190290003156406
0.000626263999947696
0.0005863649994353182
0.0006491900003311457
0.00063446300009673
0.000669074000143155
0.00048102799974003574
0.0006390219996319502
0.0004602700000759796
0.0006446679999498883
0.0006008460004522931
0.0006386180002664332
0.0004201009996904759
0.000643631999992067
0.0006123539997133776
0.000637875000393251
0.0005584300006375997
0.0006387660005202633
0.0005218649994276348
0.0006587910002053832
0.0004924969998683082
0.0006432370000766241
0.0004817219996766653
0.0006623620001846575
0.0005879939999431372
0.0006407370001397794
0.0006207469996297732
0.0006432280006265501
0.0005103849998704391
0.0006780849998904159
0.0005491310002980754
0.0006766460001017549
0.00046765000024606707
0.0006552260001626564
0.0004515329992500483
0.000660102999972878
0.0004980509993401938
0.000694392000696098
0.0004746289996546693
0.0006478509994849446
0.00046410000049945666
0.0006691080006930861
0.0005506920006155269
0.0006901490005475353
0.0005556340001930948
0.0006692029992336757
0.0005360889999792562
0.0006634360006501083
0.0005185849995541503
0.0006747419993189396
0.0005235560001892736
0.0006936869995115558
0.0005611870001303032
0.0006617640001422842
0.0005885489999855054
0.000654782999845338
0.00047116299992921995
0.0006701099991914816
0.0004893209998044767
0.0006850480003777193
0.000513732999934291
0.0006833950001237099
0.0005569389995798701
0.0006707499996991828
0.0005640889994538156
0.0007030319993646117
0.0005887719999009278
0.0006584630000361358
0.000561937000384205
0.0006498990005638916
0.0005225519998930395
0.0006270320000112406
0.0005108609993840219
0.0006351019992507645
0.0004117839998798445
0.0006313809999483055
0.0006171719996928005
0.0006413970004359726
0.00048442200022691395
0.0006410150008377968
0.0006331419999696664
0.0006764419995306525
0.0006326259999696049
0.0006614300000364892
0.00047843500033195596
0.0006700210005874396
0.0006141859994386323
0.0006385349997799494
0.0005769769995822571
0.0006557229999089031
0.0004446419998203055
0.0006478039995272411
0.0005013939999116701
0.000619743999777711
0.00041051100015465636
0.0006665629998678924
0.0004459809997570119
0.0006328059998850222
0.0004478939999899012
0.0006362990006891778
0.00048571899969829246
0.0006317180004771217
0.00046937399929447565
0.0006443060001402046
0.00041926800076907966
0.0006656949999523931
0.0006069060000299942
0.0006628639994232799
0.0005576189996645553
0.0006384019998222357
0.0005861600002390333
0.0006824050005889148
0.000584979000450403
0.0006393710000338615
0.0006072290007068659
0.0006506029994852724
0.0004938890006087604
0.0006883959995320765
0.00044875399999000365
0.0006349470004352042
0.0006447440000556526
0.00065902799997275
0.0005263200000626966
0.0006469560003097286
0.0006182039996929234
0.0006603680003536283
0.0006413870005417266
0.0006320920001599006
0.0005641110001306515
0.0006371560002662591
0.0005078789999970468
0.0007126669997887802
0.000645050999992236
0.0006598050003958633
0.0005033719999119057
0.0006420839999918826
0.0004795220002051792
0.0006602440007554833
0.000447159999566793
0.0006400089996532188
0.0005898280005567358
0.0006327959999907762
0.0005781600002592313
0.0006458940006268676
0.00046922599995014025
0.000641306000034092
0.0006111780003266176
0.0006402469998647575
0.0005161190001672367
0.0006451979998018942
0.0005054570001448155
0.0006654469998466084
0.0005725170003643143
0.0006576159994438058
0.0005259780000415049
0.0006637269998464035
0.0005880879998585442
0.0006581859997822903
0.000484420999782742
0.0006662879995928961
0.0006206489997566678
0.0006880609998916043
0.000508985999658762
0.0006536319997394457
0.0005137620000823517
0.0006730400000378722
0.0006709449999107164
0.0006722619991705869
0.0011884079995070351
0.0006744599995727185
0.0006746160006514401
0.0006751049995727954
0.0006684429999950225
0.0006878590002088458
0.0004352309997557313
0.0006446890001825523
0.0004296079996493063
0.0006414560002667713
0.0005708150001737522
0.0006495119996543508
0.00044611199973587645
0.0006619129999307916
0.0005520539998542517
0.0006673480002064025
0.000545123000847525
0.0006279959998209961
0.0006726809997417149
0.0006343780005408917
0.0004888560006293119
0.0006332989996735705
0.0005705530002160231
0.0006593040006919182
0.0005292759997246321
0.0006286470006671152
0.00045970900009706384
0.0006623380004384671
0.0004180850000921055
0.0006351779993565287
0.0004872130002695485
0.0006502669994006283
0.0006105149996074033
0.0006422540000130539
0.0006011989999024081
0.0006437550000555348
0.00048293100007867906
0.000657518000480195
0.0006451789995480794
0.0006508739998025703
0.00048501200035389047
0.0006566530000782222
0.0006234559996300959
0.0006326510001599672
0.00042398899950057967
0.0006492379998235265
0.0004141330000493326
0.0006485009998868918
0.00043091799943795195
0.0006430409994209185
0.00051559100029408
0.0006908819996169768
0.0004757919996336568
0.0006186330001582974
0.0004512899995461339
0.0007113149995348067
0.0004887970007985132
0.000666310000269732
0.0005964550000499003
0.0006365969993566978
0.0004637219999494846
0.0006421140005841153
0.0005500309998751618
0.0006550560001414851
0.00058486299985816
0.0006839570005467976
0.00047225500020431355
0.0006902249997438048
0.0005491490001077182
0.0006516119992738822
0.0005098789997646236
0.0006661400002485607
0.000465089999124757
0.0006315549999271752
0.0005771969999841531
0.000643357999251748
0.0006161729997984366
0.0006416240003090934
0.0005514280001079896
0.0006294089998846175
0.0005237479999777861
0.0006442439998863847
0.0005054199991718633
0.0006211669997355784
0.0005359300002965028
0.0007782630000292556
0.0006828639998275321
0.0006351510000968119
0.0005809770000269054
0.0006481840000560624
0.0004956590000801953
0.000681311000334972
0.0004963790006513591
0.0006672560002698447
0.0006152680007289746
0.0006966599994484568
0.0005961990000287187
0.0006660469998678309
0.000506335999489238
0.0006683700003122794
0.0006557120004799799
0.0006707829998049419
0.0005366039995351457
0.0006562930002473877
0.0004945319997204933
0.0006713290003972361
0.0005999289996907464
0.0006759999996575061
0.0005367169997043675
0.0006462679994001519
0.000511500999891723
0.0006918919998497586
0.000598676000663545
0.0006945919994905125
0.0005682519995389157
0.000645842999801971
0.0005730970005970448
0.000678349000736489
0.0005372720006562304
0.0006601579998459783