0.026602480000292417
0.027967940000053204
0.0153939110000465
0.008669268999710766
0.008711848000075406
0.008036525000079564
0.009548093999910634
0.007548636000137776
0.009164162000161014
0.012271264999981213
0.007923109000330442
0.01436357299962765
0.01146904999995968
0.01027278399988063
0.011144195000269974
0.008279784000023938
0.011505354999826523
0.008507786999871314
0.012896595000256639
0.018989484000030643
0.015384713000003103
0.008512733000316075
0.024149934999968536
0.008934681000027922
0.008792229999926349
0.012182366000160982
0.012536236000414647
0.010277440000209026
0.022752322000087588
0.00793254199970761
0.00769440800013399
0.007986128000084136
0.014093371999933879
0.02323436300002868
0.00988255400034177
0.009009460000015679
0.006898466999700759
0.013542214000153763
0.01240288100007092
0.022630119000041304
0.03912069500029247
0.02615146400012236
0.0285928589996729
0.022224757999993017
0.01839349600004425
0.016612632999567722
0.01504936799983625
0.01671460699981253
0.013578533999861975
0.009703397000066616
0.024257405000298604
0.010401263999938237
0.008140202000049612
0.009850717000063014
0.009722764999878564
0.008756127999731689
0.019922018999750435
0.02197235499988892
0.020790974000192364
0.009070143999906577
0.008755111000027682
0.0170669569997699
0.011852495000312047
0.011602914999912173
0.013560696999775246
0.031895474000066315
0.012978696999653039
0.01329169600012392
0.01388978099976157
0.020538034999844967
0.012816607999866392
0.011528808000093704
0.013136370000211173
0.008017955000013899
0.009028193000176543
0.013019646999964607
0.008423540999956458
0.029150878000109515
0.04153083900018828
0.008338526999978058
0.009164812000108213
0.008786728999893967
0.008360717999948974
0.009418801999800053
0.008091769000202476
0.008375306000289129
0.015868425000007846
0.021144549999917217
0.00958273400010512
0.013131648000126006
0.012717039000108343
0.011407612999846606
0.02567192900005466
0.011500631999751931
0.01352052599986564
0.008093777000340197
0.02169786500007831
0.015470479999748932
0.014415920999908849
0.014803595000103087
0.03621399699977701
0.009623450999697525
0.008554382000056648
0.010238845000003494
0.033165698000175325
0.02002296299997397
0.0170694469998125
0.012444611000319128
0.011904930000127933
0.011424618000091868
0.011451783000211435
0.019107575999896653
0.042769108999891614
0.008009481000044616
0.025315511999906448
0.02301467799998136
0.00803057599978274
0.04107123899984799
0.039088032999643474
0.011574244999792427
0.008904317000087758
0.018102351000379713
0.01822418599977027
0.009028496000155428
0.018471958999725757
0.008861925000019255
0.007678768999994645
0.0230671520002943
0.020323719999851164
0.03160457900003166
0.021533320999878924
0.009595726999577892
0.018644816000232822
0.013242287999673863
0.026631690000158414
0.011636971999905654
0.017395913999735058
0.010448770000039076
0.010513009000078455
0.015479048000088369
0.009029260999795952
0.010030801000084466
0.0101598690002902
0.014096404000156326
0.014457733000199369
0.009761669999988953
0.009219957999903272
0.01445659999990312
0.017185925999910978
0.02884039999980814
0.03132353899991358
0.012676409000050626
0.028780602000097133
0.026856845000111207
0.013328785999874526
0.012236249999659776
0.01454920400010451
0.041951161999804754
0.04572918300027595
0.009526252999876306
0.0243585980001626
0.029503469999781373
0.03583212699959404
0.009342992000256345
0.010206532000211155
0.02464720900024986
0.02417533799962257
0.01330708900013633
0.01780886400001691
0.010153925000395247
0.00874025899975095
0.011689275999742677
0.009459353999773157
0.014873684000122012
0.018725568000263593
0.024039907999849675
0.029493389999970532
0.013981190000322385
0.02114958599986494
0.011065871000027983
0.008777554000062082
0.0227601940000568
0.012433801000042877
0.02331753699991168
0.018192992999956914
0.014531128000271565
0.010604487000364315
0.013062672999694769
0.023753232999752072
0.02122744899997997
0.023000227000011364
0.014597031999983301
0.03579889599996022
0.01095979100000477
0.014567866000106733
0.010648543000115751
0.016312576000018453
0.018138014000214753
0.01643466299992724
0.013464916999964771
0.03177054500019949
0.010214265999820782
0.011448602999735158
0.02098690799994074
0.020970799999759038
0.012138266999954794
0.02560206400039533
0.027641487999972014
0.025046042000212765
0.015696651999860478
0.015823830000044836
0.020195008999962738
0.016621053999642754
0.02664203499989526
0.013811564000207
0.022289817000000767
0.02170394499989925
0.010212473000137834
0.011011193999820534
0.032784756000182824
0.018469894000190834
0.01895238099996277
0.018797497999912594
0.026363071000105265
0.02911750499970367
0.014773417000014888
0.01906972400001905
0.028964876000372897
0.020618918999844027
0.03776913499996226
0.028977094999845576
0.025115220999850862
0.014795592000155011
0.033330307000142056
0.0161727320000864
0.016531246999875293
0.01794746199993824
0.01100186500025302
0.02412421999997605
0.010634813000251597
0.011159690999647864
0.01206883899976674
0.026490272999581066
0.012877282000317791
0.014638309000019945
0.01078075599980366
0.009936154000115494
0.00967311200020049
0.009357296999951359
0.021699462999549723
0.024565622999944026
0.0121207349998258
0.02074088599965762
0.023761353999816492
0.015346477000093728
0.017560193999997864
0.02044196800034115
0.013978908999888517
0.021463893000145617
0.010111234999840235
0.008583092000208126
0.016170061000138958
0.018801825000082317
0.02875350599970261
0.026309042999855592
0.024070854999990843
0.021321850000276754
0.012155218999851058
0.018150858999888442
0.012386805999994976
0.009915767000165943
0.03043438700024126
0.02866537199997765
0.015400812999814661
0.019784293999691727
0.016606911000053515
0.02280669099991428
0.018277408000358264
0.011923350999950344
0.011627306999798748
0.015856297000027553
0.020430488999863883
0.01861910599973271
0.030908232999991014
0.01929555700007768
0.012171488000149111
0.010208146999957535
0.012682643000061944
0.010337635999803751
0.013817195000228821
0.00926647200003572
0.013648575999923196
0.029050174000076368
0.011694044999785547
0.011970165000093402
0.018078822000006767
0.020468178000101034
0.00869140700024218
0.021662001000095188
0.016185180000320543
0.012999361000311183
0.008475866000026144
0.00882680699987759
0.018148473000110243
0.011899553000148444
0.013161627000044973
0.01653390599994964
0.016959454999778245
0.013202902999637445
0.009234452999862697
0.009746496000389016
0.009351487000003544
0.026521835000039573
0.016950856000221393
0.017692787000214594
0.010783957000057853
0.014078690000133065
0.01828213799990408
0.01234825399978945
0.02654927499997939
0.0191922229996635
0.014692688999730308
0.007342074999996839
0.011616391000188742
0.011316768000142474
0.011270215999957145
0.012141863999659108
0.025089285999911226
0.023432832999787934
0.012496394999743643
0.02451330100029736
0.010491697999896132
0.009338200000001962
0.009513479999895935
0.019318859000122757
0.01669710899977872
0.014106701999935467
0.009792598999865731
0.018051183999887144
0.0264620749999267
0.024394964999828517
0.025554708000072424
0.013972835000004125
0.01834854200023983
0.019522324000263325
0.011876713999754429
0.009869943000012427
0.019447146999937104
0.01725382999984504
0.014928466000128537
0.01681493900014175
0.007672780000120838
0.009174710000024788
0.020018588000311865
0.03749834699965504
0.01138355600005525
0.015376278000076127
0.010037897000074736
0.008153433999723347
0.011053889999857347
0.024238320000222302
0.009329657999842311
0.007780281000123068
0.009973411999908421
0.011027739999917685
0.010376781999639206
0.014794533999975101
0.01413352899999154
0.009047333000125946
0.01267751000023054
0.009371047000058752
0.034318571999847336
0.03838379699982397
0.011657637000098475
0.009477870999944571
0.010064063999834616
0.013811809999879188
0.010218179999810673
0.012479430999974284
0.014625010000145267
0.012455965999834007
0.009273390000089421
0.009609379999801604
0.012030356000195752
0.010889784000028158
0.020732358999794087
0.015998585000033927
0.01105070199992042
0.009897354999793606
0.007913290000033157
0.011469902000044385
0.009186427000258846
0.009311653000168008
0.014422024999930727
0.012869261000105325
0.03143534199989517
0.03511128299987831
0.010060400999918784
0.009921356000177184
0.021680380000361765
0.010815294999702019
0.01764414500030398
0.02760244999990391
0.010696994000227278
0.010873903000174323
0.014426043999719695
0.013555286999689997
0.02601367699980983
0.010871392999888485
0.016089002000171604
0.007948069000121905
0.028138754999872617
0.037238078999962454
0.00947356899996521
0.012512915999650431
0.012127883000175643
0.01222168000003876
0.00921669599983943
0.010886700999890309
0.012601392999840755
0.02268781399970976
0.012594541999987996
0.011577940000279341
0.008526462000190804
0.010573083000053884
0.010135949000414257
0.010069253999972716
0.009998423000070034
0.01175121999995099
0.017681602999800816
0.01523780000024999
0.013014856000154396
0.01212390199998481
0.019790048000231764
0.016838352999911876
0.023588911999922857
0.01235416500003339
0.013693113000044832
0.009952229000191437
0.028914209000049595
0.02563011500024004
0.009799398000268411
0.01884593099975973
0.01143645899992407
0.011452178000126878
0.011500929999783693
0.015261414000178775
0.010249124999972992
0.01085298900034104
0.013283249999858526
0.010090938999837817
0.020747581000250648
0.017139210000095773
0.024514731999715877
0.013436422999802744
0.02172293100011302
0.02372189600009733
0.008835088000068936
0.02316640200024267
0.015318716999900062
0.011695342999701097
0.02227712400008386
0.02619558100013819
0.020824411999910808
0.009002757999951427
0.01275767699962671
0.01282179100007852
0.0086103019998518
0.008707085999958508
0.00931450699999914
0.008183038999959535
0.019292613999823516
0.03190557399966565
0.00924135600007503
0.009888204999697336
0.010607425999751285
0.010803673999816965
0.00947258599990164
0.02063471200017375
0.02158011900019119
0.01262717400004476
0.014310009999917384
0.01397005699982401
0.011713369000062812
0.013375011999869457
0.015170763999776682
0.013380176999817195
0.00842262500009383
0.019734185000288562
0.010641805999966891
0.023845992000133265
0.011285845999736921
0.018353582000145252
0.00807888000008461
0.01441439200016248
0.014165908999984822
0.011832828000024165
0.009027009999954316
0.019081288000052155
0.010020729999723699
0.010355231999710668
0.012503822999860859
0.012599472999681893
0.013107524000133708
0.007473580000350921
0.012618234999990818
0.02262280600007216
0.00940475500010507
0.008172094999736146
0.02259072099968762
0.020113632999709807
0.008287918999940302
0.020382760999837046
0.007989945000190346
0.00813999199999671
0.008762025000123685
0.01514244999998482
0.020212666999668727
0.025401572000191663
0.029097465999711858
0.025960492999729468
0.020682286999999633
0.007593179999730637
0.00992247700014559
0.008981872999811458
0.010757555000054708
0.012700375000349595
0.017677701999673445
0.011770583000270562
0.018988605000231473
0.021688965000066673
0.009724748999815347
0.014654907000021922
0.012066553999829921
0.012425440999777493
0.013114092000250821
0.015395377000004373
0.01077110599999287
0.012828975000047649
0.028908450000017183
0.020215589000144973
0.03209711499994228
0.027109049999580748
0.01980196700014858
0.011138642999867443
0.012626491999981226
0.015034768000077747
0.016008419999707257
0.011739810000108264
0.01232341600007203
0.021207201999914105
0.01033794900013163
0.010905342000114615
0.021458868000081566
0.01330830100005187
0.008372934999897552
0.008456557000044995
0.013082460999612522
0.023344121999798517
0.009093529999972816
0.02844908899987786
0.009113520000028075
0.018365980999988096
0.023421497000072122
0.022580456000014237
0.025284674999966228
0.025562250000348286
0.009101756000291061
0.00815940300026341
0.01030591300013839
0.01317191099997217
0.010207978999915213
0.01343858399968667
0.010495195999737916
0.015925274999972316
0.018964667999625817
0.020219637000082002
0.009864829999969515
0.01995067600000766
0.008458109999992303
0.024628367999866896
0.010537190999912127
0.012626447000002372
0.009392026000114129
0.01200561599989669
0.01507153800002925
0.010147683000013785
0.022791897000388417
0.02029787599985866
0.020747738999943977
0.007927668999855086
0.008370255999579967
0.008975374999863561
0.007924764000108553
0.008559914999750617
0.01006165199987663
0.011442683000041143
0.018253546000323695
0.040626808000070014
0.008335422999607545
0.012099024000235659
0.023516079999808426
0.010275582999838662
0.025469602999692142
0.034334102000229905
0.017136571999799344
0.01463217300033648
0.009115856000335043
0.02365024699975038
0.023818190999918443
0.013956020000023273
0.013723399999889807
0.013015233000260196
0.01696119300004284
0.010624078000091686
0.007767930000227352
0.009298119000050065
0.011854224000217073
0.01438710499996887
0.024336738999863883
0.018448017000082473
0.020172238999748515
0.01268535500003054
0.02235737599994536
0.022572911999759526
0.01030328799970448
0.009872095999980957
0.00814643299963791
0.007505522999963432
0.021678078999684658
0.01839503400015019
0.00855502800004615
0.007995723000021826
0.007831302999875334
0.01713679400018009
0.009864268000001175
0.008639963999939937
0.020185620000120252
0.01159256099981576
0.014720461000251817
0.008262924000064231
0.008368782000161445
0.009765501999936532
0.021122883999851183
0.008788663999894197
0.007999045000360638
0.009138837000136846
0.014862271999845689
0.010353316999953677
0.008022993999929895
0.008447124999747757
0.007645292000233894
0.021156952000183082
0.010513227000046754
0.008127686000079848
0.008342736000031437
0.02476852300014798
0.009602663999885408
0.008166250999693148
0.026815757999884227
0.02062980599976072
0.008499765000124171
0.025322277000213944
0.01768001800019192
0.010500796000087576
0.01053743000011309
0.010924360999979399
0.008779356999639276
0.007315598000332102
0.008405089000007138
0.007677064000290557
0.008268565999969724
0.0070795100000395905
0.020413094000105048
0.010445296999932907
0.007368459000190342
0.007659749000140437
0.010169366999889462
0.008028556000226672
0.011980334000327275
0.011994170999969356
0.008336565000263363
0.017462319000060234
0.00876596599982804
0.02267205499992997
0.00732091700001547
0.007078496000303858
0.013634318999720563
0.00984981900001003
0.008941861000039353
0.007549076000032073
0.009204747999774554
0.009711017999961769
0.00806876300021031
0.016742152000006172
0.007912748000308056
0.0076827469997624576
0.02588055299975167
0.025971394999942277
0.025811827000325138
0.011388426999928924
0.015665121999973053
0.0076203739999982645
0.007535501999882399
0.007691238000006706
0.007663895999939996
0.007446377000178472
0.008409310999923036
0.00790917599988461
0.008617290000074718
0.007243045999985043
0.017180304999783402
0.014035168000191334
0.022859666000385914
0.023551964000034786
0.02204312599997138
0.012003275000097346
0.01914618699993298
0.021849930999906064
0.014573226999800681
0.009225905000221246
0.008583216999795695
0.03917025400005514
0.012143174999891926
0.012421927000104915
0.028923734999807493
0.015416241999901104
0.009665510000104405
0.010247742000046856
0.007563358999959746
0.007731492999937473
0.022687868000048184
0.02033588599988434
0.00908827300008852
0.030171801000051346
0.00798077799981911
0.009956988999874739
0.022567273999811732
0.013350205000278947
0.022290351999799896
0.02245760200003133
0.008425909999914438
0.008013334999759536
0.008332265999797528
0.008158864000051835
0.008148372000050585
0.008400277999953687
0.00803843500034418
0.018490979000034713
0.0076859610003339185
0.007487927999591193
0.010451614999965386
0.007798769000146422
0.009952744999736751
0.010563723999894137
0.009276263999709045
0.007922075999886147
0.008407989000261296
0.00771686900043278
0.010392614000011235
0.00991245200020785
0.0214489500003765
0.007364799000242783
0.008535796999694867
0.022389404000023205
0.014172386000154802
0.014115633000074013
0.017615507999835245
0.014304831000117701
0.00821080500008975
0.007499586999983876
0.01162030900013633
0.008435034999820346
0.03181071000017255
0.00956606699992335
0.009703579999950307
0.009474712000155705
0.007792853999944782
0.02701714400018318
0.009079289000055724
0.00820747499983554
0.025982910000038828
0.013697588000013639
0.00862008500007505
0.008048705999954109
0.008337587999903917
0.01868624999997337
0.009616504000405257
0.009906637000312912
0.008453917000224465
0.011394080000172835
0.030242905000250175
0.009983768999973108
0.02107291099991926
0.02116404100024738
0.008457615000224905
0.007039213000098243
0.007663848999982292
0.008702620999883948
0.007994751999831351
0.007931362000363151
0.02279916699990281
0.013729484000123193
0.008039271000143344
0.007888741999977356
0.008660129999952915
0.008713586999874678
0.008163758000137022
0.00821555199991053
0.01044867799964777
0.02416005800023413
0.007576732999950764
0.008369453999875986
0.009202040000218403
0.021857518999695458
0.0077254679999896325
0.007827130000350735
0.009342481999738084
0.011835870000140858
0.020726947999719414
0.01711904700005107
0.0077567880002789025
0.0081495320000613
0.00792119100015043
0.007111409999652096
0.008615565999662067
0.020790816000044288
0.008700429999862536
0.00747331699994902
0.008364563999748498
0.008227147000070545
0.008966108000095119
0.025245556999834662
0.008815624999897409
0.01048341999967306
0.008548214000256849
0.021964230999856227
0.008996838000257412
0.023338779999903636
0.008096621000277082
0.007739661999949021
0.0076840919996357115
0.008638314999643626
0.01403214099991601
0.010880707000069378
0.008069798000178707
0.00804345899996406
0.02043882099997063
0.016662060000271595
0.008783369999946444
0.007764552999560692
0.007507894000355009
0.01892938499986485
0.007526705000145739
0.015120247999675485
0.024205436000102054
0.029637631000241527
0.010338803000195185
0.011098025000137568
0.008221061999847734
0.008043089000238979
0.010331800000130897
0.010764688000108436
0.008220627000355307
0.010400871999991068
0.00793238599999313
0.008292392999919684
0.009626976999697945
0.0077390910000758595
0.013936464999915188
0.00978501800000231
0.02039530799993372
0.01687297700027557
0.00951938100024563
0.008808819999558182
0.017040569000073447
0.010168371999952797
0.020400066999627597
0.01366969299988341
0.02832257500040214
0.021225692999905732
0.007237952000195946
0.007879406000029121
0.008002899000075558
0.009199140000418993
0.03328637000004164
0.03332733699971868
0.007602378999763459
0.021084439999867755
0.009982863000004727
0.008569874000386335
0.009034860000156186
0.00878899300005287
0.007674416000099882
0.009795061000204441
0.01040920500008724
0.010407593999843812
0.008518338999692787
0.009106104999773379
0.009652921999986575
0.011534992000179045
0.009904697999900236
0.010644563999903767
0.007756823999898188
0.007481979000203864
0.008491923000292445
0.020892943000035302
0.008766176999870368
0.00786751399982677
0.00872014800006582
0.007424110000101791
0.013221178000094369
0.010344602999794006
0.01574755500041647
0.008132939000006445
0.008590854999965813
0.007361480000326992
0.020416626000042015
0.00796279600035632
0.009454230999836
0.01075257899992721
0.011191071999746782
0.023070552999797656
0.008169608000116568
0.007389194999632309
0.010330933000204823
0.009860339000169915
0.01375071200027378
0.01075173100025495
0.007791441999870585
0.007625949000157561
0.013117436999891652
0.02293930000041655
0.00805871800002933
0.008289898999919387
0.01929556799996135
0.01669355500007441
0.010909035000167933
0.02045945000008942
0.012185598000087339
0.0082333010000184
0.007325907999984338
0.017453163000027416
0.02294151400019473
0.010838379000233545
0.01408601599996473
0.008317726000313996
0.008352339999873948
0.007923416000267025
0.008890463000170712
0.007682136999846989
0.009963106000213884
0.008455978999791114
0.008732406000035553
0.012312985000335175
0.007540494999830116
0.023801285999979882
0.01666272599959484
0.01343955000038477
0.023081374999947002
0.011277369999788789
0.01255406900008893
0.007596926000132953
0.007726820999778283
0.008065140999860887
0.008686098999987735
0.007690192000154639
0.01995855599989227
0.017308035000041855
0.028346822000003158
0.018989723999766284
0.00852432100009537
0.01098870000032548
0.010967772000185505
0.008744929999920714
0.01803948799988575
0.02596916299989971
0.0073790410001493
0.014411551000193867
0.008878826999989542
0.008975258000191388
0.008239173000220035
0.0078853469999558
0.024112383000101545
0.010211872000127187
0.009713021000152366
0.010220508999736921
0.013232537000021694
0.007376932999704877
0.015007733999937045
0.017527757000152633
0.015403422999952454
0.022379945000011503
0.013724791000186087
0.01537053600031868
0.007880348000071535
0.017277818999900774
0.0075742369999716175
0.007358144000136235
0.008101330000044982
0.008000003000233846
0.010669176000192238
0.008275396000044566
0.04002500999968106
0.03753096300033576
0.0074092490003749845
0.00818900499962183
0.008915700999750698
0.00779067599978589
0.008461932000045636
0.02312661099995239
0.008451544999843463
0.007078504999753932
0.00903724499994496
0.007333776999985275
0.009271174999867071
0.010195306000241544
0.03209768399983659
0.022413734000110708
0.007982258000083675
0.007534077999935107
0.019899042999895755
0.008930816999964009
0.008047793000059755
0.011581910000131757
0.009987447999719734
0.011547250000148779
0.008173133999662241
0.008328728999913437
0.007772765000026993
0.007900723000147991
0.008673586999975669
0.008162309999988793
0.01992362900000444
0.017921824000040942
0.008214881999720092
0.007552444999873842
0.010551121999924362
0.03910597499998403
0.012723578000077396
0.013824194999870087
0.018011167000167916
0.01061666099985814
0.01652782000019215
0.00969734199998129
0.017608739000024798
0.017580963999989763
0.008760878999964916
0.013209189999997761
0.009308682999744633
0.03221588199994585
0.008732079999845155
0.008148873999743955
0.008419710999987728
0.00783666400002403
0.00859016899994458
0.008050850000017817
0.023007335999864154
0.010402826000245113
0.007564396999896417
0.022463880000032077
0.009576660000220727
0.009454856000047585
0.01912253199998304
0.012407134000113729
0.028364363000036974
0.01077744000031089
0.023674438999933045
0.009874996000235114
0.009337071999652835
0.009142130000327597
0.007946547999836184
0.01088286899994273
0.008172762999947736
0.009370586999921215
0.009534975999940798
0.008887767000032909
0.0077367389999380975
0.009361710000121093
0.00759787300012249
0.011951316999784467
0.019148209000377392
0.015935137999804283
0.007080154000050243
0.012947999000061827
0.016155998000158434
0.0094405459999507
0.008130315000016708
0.007484606000161875
0.008474791000026016
0.0077781749996574945
0.012684158000411117
0.020191021999835357
0.007541536999724485
0.021521378999750596
0.008488536000186286
0.008107254000151443
0.007551637000233313
0.008084654999947816
0.010295351999957347
0.0075883079998675385
0.008300838999730331
0.007462438999937149
0.007787769000060507
0.00781616899985238
0.0074361040001349465
0.013489748000210966
0.008534787999906257
0.020436832000086724
0.007875008000155503
0.01831381500005591
0.022432868000123563
0.019035556000289944
0.008487904999583407
0.010154330000204936
0.008309034999911091
0.009459142000196152
0.011154934999922261
0.011691421000250557
0.0121768159997373
0.012088450000192097
0.009556150000207708
0.024481458000082057
0.008625897999991139
0.00887409500001013
0.020472842999879504
0.02097115800006577
0.023024481999982527
0.02289721599981931
0.023906112000076973
0.02278138300016508
0.009535704999962036
0.009141879999788216
0.008220457000334136
0.00802182500001436
0.01115101200002755
0.026041570999950636
0.007376507000117272
0.021490151999842055
0.008033726000121533
0.0074146919996564975
0.021284410000134812
0.022492829999919195
0.02322128800005885
0.019860653999785427
0.009443833999739581
0.012320535000071686
0.00785854300011124
0.00865306400010013
0.0073484570002619876
0.011029758999939077
0.018116539000402554
0.013492265999957453
0.008501861000240751
0.009070635000171023
0.021885550000206422
0.02446859800011225
0.008627433000128804
0.007680169000195747
0.008569617999910406
0.011693902999923012
0.01020935799988365
0.010829249999915191
0.020331919999989623
0.014031883999905403
0.007935678000194457
0.014202303999809374
0.007694251000430086
0.008606254999904195
0.008152081999924121
0.020460251000258722
0.01069290000032197
0.011156649999975343
0.009899872999994841
0.009881749000214768
0.008630977999928291
0.00847007999982452
0.0076226689998293296
0.016490962999796466
0.00746826400018108
0.007987360000242916
0.009003981000205385
0.007950042999709694
0.023210620999634557
0.023567146000004868
0.007547699000042485
0.007304793000002974
0.008815013999992516
0.008323915999881137
0.007373703000212117
0.027744563000396738
0.008917909000047075
0.007414439000058337
0.032104462000006606
0.028638271000090754
0.0084455640003398
0.008049065999784943
0.023470455999813566
0.024356976000035502
0.016547895000257995
0.01399305099994308
0.007871036999858916
0.007385732999864558
0.009834113999659166
0.019863545000134764
0.007375571000011405
0.007555068000328902
0.00772566600016944
0.007914877000075649
0.020574115000272286
0.021333982000214746
0.014060334999612678
0.013762693999979092
0.00700149899967073
0.016300000000228465
0.010167429999910382
0.009394732999680855
0.008326571999987209
0.008101029000044946
0.02898776500023814
0.021999435999987327
0.007231282999782707
0.007756913999855897
0.008549125000172353
0.008444988000064768
0.007170847999987018
0.00828335899996091
0.008317557999816927
0.010316110999610828
0.01577120299998569
0.01346278400023948
0.008718198999758897
0.021378670999638416
0.008943766999891523
0.02141346500002328
0.008156479000263062
0.012160499999936292
0.008890250000149535
0.011400144000162982
0.009044649999850662
0.007641625999895041
0.011565067999981693
0.007905733999905351
0.008523246000095241
0.020382626999889908
0.009168204000161495
0.007510507000006328
0.008712234000086028
0.008098256999801379
0.011881873000220367
0.008006727000065439
0.011729826000191679
0.022752163000404835
0.007679897999878449
0.018980064000061247
0.00796653800034619
0.01016005400015274
0.019494881999889913
0.01846848399964074
0.009177978000025178
0.021896860000197194
0.007851021000078617
0.0069297980003284465
0.01360887000009825
0.02032394599973486
0.02046211900005801
0.008867748000284337
0.007996192000064184
0.007353252000029897
0.008222661000218068
0.008843068000260246
0.01472764299978735
0.007312339999771211
0.008509445000072446
0.0317879350000112
0.013833596000040416
0.010934572000223852
0.008116010000321694
0.007268875000136177
0.009035290999690915
0.011914308000086749
0.011883036999734031
0.011675386000206345
0.00790853899979993
0.00693914900011805
0.020700417000171
0.009900720000132424
0.03041307599960419
0.030471747000319738
0.007921664000150486
0.00744408199989266
0.008448232999853644
0.006926017999830947
0.011675259000185179
0.012026999000227079
0.008558400999845617
0.00689027399994302
0.026742747999833227
0.023900658000002295
0.00841909599967039
0.020815761999983806
0.008307904000048438
0.0075654749998648185
0.02146768400007204
0.01288295599988487
0.013798501000110264
0.015916801999992458
0.021589306000350916
0.02177234100008718
0.016006603999812796
0.01800918000026286
0.007676683000227058
0.020954684000116686
0.007672496999930445
0.0076816569999209605
0.007337009999901056
0.020098954000332014
0.008119940000142378
0.010841721000360849
0.0077797139997528575
0.0076212399999349145
0.00775714000019434
0.007718535000094562
0.013595149000138917
0.008933539000281598
0.007881566999913048
0.007628026000020327
0.017066729000362102
0.007176746999903116
0.011201428000276792
0.012453361999632762
0.017382175999955507
0.011158652000176517
0.009099597999920661
0.00868906000005154
0.008197836999897845
0.008267796999916754
0.007315875999665877
0.0077841860002081376
0.0074974479998672905
0.011979318000157946
0.008245664000241959
0.029480641999725776
0.007693927999753214
0.007825275999948644
0.008323828999891703
0.007794590000230528
0.008220518999678461
0.00843622200000027
0.007516483000017615
0.011171607000051154
0.010260378000111814
0.009731672000270919
0.009471547999964969
0.00865838600020652
0.010318553000161046
0.010012345000177447
0.01085206100015057
0.007990422999682778
0.007474687000012636
0.006817053999839118
0.012065316999724018
0.007415422000121907
0.012293368999962695
0.009643793000122969
0.01994656600027156
0.018484690999684972
0.0077222649997565895
0.02465032700001757
0.011954815000080998
0.008708586000011564
0.007217494999622431
0.006938522999917041
0.007270023999808473
0.007267567999861058
0.009541118000015558
0.011718959000063478
0.007730043000265141
0.0068787790000897076
0.007918621000044368
0.026052634000279795
0.019201627999791526
0.008245068000178435
0.009617395000077522
0.009926830000040354
0.007471018000160257
0.00679638600013277
0.007380077000107121
0.00835125399999015
0.008461843000077351
0.010973901999932423
0.008204874000057316
0.00759983599982661
0.0085770919999959
0.008009921999928338
0.026360371000009764
0.026725261000137834
0.02281008699992526
0.011549925000053918
0.009488581999903545
0.007199305000085587
0.008771748000071966
0.019687847000113834
0.00999543799980529
0.014917663999767683
0.008339215999967564
0.007701608999923337
0.01003347699997903
0.010823342000094271
0.007218272000045545
0.0068419559997892065
0.021097730999827036
0.010854948000087461
0.012250222000147915
0.006994691999807401
0.008991064999918308
0.008806987999832927
0.00718745799986209
0.00785098200003631
0.007940369000152714
0.012450145999991946
0.009122567999838793
0.008802530000139086
0.017872427999918727
0.011710201999903802
0.02059035699994638
0.009090528999877279
0.008593353999913234
0.007305215000087628
0.009028014999785228
0.01112155900000289
0.02071926500002519
0.02589987300007124
0.01106381199997486
0.009070082999642182
0.008186334000129136
0.008799793999969552
0.013321473999894806
0.02231128899984469
0.013876840999728302
0.013092929999857006
0.010060443999918789
0.008166946000073949
0.009351445999982388
0.007387622999885934
0.012432393999915803
0.013096657000005507
0.008480327999677684
0.023823957999866252
0.028456615999857604
0.02857666399995651
0.03530100499983746
0.007418483000037668
0.009002491000046575
0.008667571999922075
0.01151569700004984
0.013431882000077167
0.00770615600004021
0.008874635000211128
0.00918844599982549
0.011554267999599688
0.0077504509999926086
0.013630922000174905
0.008056858999680117
0.008087165999768331
0.008977327000138757
0.010404473000107828
0.007869174999996176
0.012607891999778076
0.022400776999802474
0.024741369999901508
0.007857433000026504
0.018269814999712253
0.008059261000198603
0.006656736999957502
0.02288760999999795
0.024050326999713434
0.010234340999886626
0.010180199999922479
0.00948353900002985
0.007617514000230585
0.007125463999727799
0.006626482000228862
0.007924140999875817
0.019406218000312947
0.007090555000104359
0.014075675000185583
0.009778489999916928
0.020684102999894094
0.009130027000082919
0.022314241000003676
0.007617864999701851
0.007849673999771767
0.007616594999944937
0.0242236710000725
0.010990704000050755
0.010601146999761113
0.010443153999858623
0.012408827999934147
0.013031477999902563
0.00965423199977522
0.008192206999865448
0.007500536999941687
0.007921747000182222
0.008116938000057417
0.007465795999905822
0.0071774530001675885
0.007579625999824202
0.018675105000056647
0.015982263999831048
0.016559530999984418
0.007239244000174949
0.007765620000100171
0.022485303999928874
0.013763174999894545
0.03354817399986132
0.02961049900022772
0.012670784999954776
0.01422279600001275
0.008322204999785754
0.00908167100033097
0.007527357000071788
0.007632962000116095
0.020968028999959643
0.018963632000122743
0.024823321999974723
0.020186373000342428
0.008798339999884774
0.00892676900002698
0.007877138999901945
0.00865208600043843
0.008777852000093844
0.008604539000316436
0.007755960999929812
0.007756288000109635
0.008334651000041049
0.008050100000218663
0.007672027999888087
0.007856250000259024
0.00826712599973689
0.0077966079998077475
0.008713868000086222
0.008230671999626793
0.010814304000177799
0.007904888999746618
0.007432704999700945
0.00868873999979769
0.008245091999924625
0.007689833000313229
0.013055721999990055
0.007944602999941708
0.01988431399968249
0.014405162000002747
0.009809275999941747
0.01107356099964818
0.010491449999790348
0.007091949999903591
0.020615563999854203
0.022669091000352637
0.008056456000304024
0.00990178099982586
0.022731031000148505
0.009704294000130176
0.01225068600024315
0.014143143999717722
0.01933164999991277
0.007229919000110385
0.009443576000194298
0.009275261999846407
0.007989740000084566
0.013243592999970133
0.007705026000166981
0.007637341999725322
0.008068196000294847
0.007959982000102173
0.008411475000229984
0.0088174790002995
0.00916388099994947
0.008431131999714125
0.007223460999739473
0.011338793000049918
0.00776867200011111
0.01931819399987944
0.008577499000239186
0.00827257599985387
0.0127006360003179
0.008076059999893914
0.0101130429998193
0.007317342000078497
0.009380428999975265
0.020557432000259723
0.020628680999834614
0.007150296999952843
0.013286189999689668
0.012560041000142519
0.008639047999622562
0.010016650000125082
0.007787466000081622
0.007918946000245342
0.009011492000354338
0.011465172000043822
0.00814518799961661
0.007091641999977583
0.007845712999824173
0.009523298000203795
0.008932161999837263
0.008127892000175052
0.007386478999706014
0.00748775600004592
0.008369374000267271
0.009264242999961425
0.010020654000072682
0.006872333000046638
0.00829022800007806
0.008127701999910641
0.012768231000336527
0.01209448200006591
0.0077531259998977475
0.0072353089999523945
0.01819127299995671
0.013810323000143399
0.008309394999741926
0.014111230000253272
0.020972783000161144
0.008853270999679808
0.007231944000068324
0.00944719700009955
0.022657647999949404
0.023589515999901778
0.009347425000214571
0.009031256000071153
0.009141370999714127
0.007653123999716627
0.007365334000041912
0.006945949000055407
0.007384338000065327
0.007198245999916253
0.007789301999764575
0.019645683000362624
0.02353541000002224
0.020036610999795812
0.02098823000005723
0.022593185999994603
0.011850075999973342
0.013696704000267346
0.008695675000126357
0.02132019600003332
0.0207993830003943
0.0113629510001374
0.009675744000105624
0.011225685999761481
0.02109609700028159
0.014243988000089303
0.00997011300023587
0.009888465000130964
0.02322833600010199
0.02762313900029767
0.018043230999865045
0.016361521999897377
0.00942394100002275
0.02334686700032762
0.02296194500013371
0.02431784800000969
0.008165720999841142
0.007394801999907941
0.015868565999880957
0.007869354999911593
0.0072430750001331035
0.007710185999712849
0.007850093999877572
0.007799744999829272
0.007904740999947535
0.007577605000278709
0.007906238000032317
0.014602205000301183
0.017712619000121776
0.014449961000082112
0.020688972000243666
0.008167287000105716
0.010710511000070255
0.007804321000094205
0.007307981999929325
0.0075205429998277395
0.00746755199998006
0.007566791000044759
0.00729027799980031
0.013130593000369117
0.007711773999744764
0.00665811599992594
0.007413982999878499
0.007121210000150313
0.007130236999728368
0.007292207999853417
0.007052094000300713
0.007565732000330172
0.011736472999928083
0.012749390999942989
0.02173215499988146
0.014524451000397676
0.013436263000130566
0.008399239000027592
0.007081327999912901
0.007129918999908114
0.008594828999775928
0.007874371000070823
0.008730171000024711
0.007988308000221878
0.009145826999883866
0.025055934000192792
0.011718727999777911
0.009936851000020397
0.013707328000236885
0.013352600999951392
0.008227006999732112
0.008551421999982267
0.013824637000197981
0.013612872000067
0.011046093000004475
0.010330110000268178
0.03236755099987931
0.014343257999826164
0.007345603999965533
0.008042303000365791
0.010712305999732052
0.010721012999965751
0.01167536699995253
0.010705457999847567
0.00988912499997241
0.007492746000025363
0.01656429400009074
0.009920811000029062
0.007824685999821668
0.02065950799988059
0.011609985000177403
0.008951755999987654
0.008218800999657105
0.007434034000198153
0.008385425000142277
0.00807905200008463
0.00916168599997036
0.012408840999796666
0.008596220000072208
0.008106260000204202
0.009852193999904557
0.02159394699992845
0.007898070999999618
0.01262790100008715
0.00815718099966034
0.008306442000048264
0.021451788999911514
0.01186129699999583
0.00767292999989877
0.00888476999989507
0.01041462400007731
0.013228493000042363
0.015907875999801036
0.008820889000162424
0.007382108999991033
0.014199522000126308
0.01418124700012413
0.014806235999913042
0.00760950399990179
0.01373473700004979
0.007857228999910149
0.007713103000241972
0.011975765999977739
0.013474209999913
0.011942109999836248
0.00866833999998562
0.0070866229998500785
0.007233055999677163
0.017668531999788684
0.019480015999761235
0.008553572999971948
0.008287040000141133
0.019660410000142292
0.013715879000301356
0.007873713000208227
0.022076499999911903
0.02046945299980507
0.011537445000158186
0.01935071199977756
0.007611135999923135
0.0076099329999124166
0.008116201000120782
0.007459043999915593
0.00709198300000935
0.018935663999855024
0.016111213999920437
0.020337371000096027
0.009474790000240318
0.020493954999892594
0.010846928999853844
0.0103048639998633
0.0312867190000361
0.02180661600004896
0.015368681999916589
0.009267672000078164
0.008340001000306074
0.008487825999964116
0.009254760000203532
0.007103400000232796
0.007779743000355666
0.01030921399978979
0.009568409999701544
0.009085593000236258
0.007732812000085687
0.027501766000114003
0.017077455000162445
0.008397504999720695
0.008108542999707424
0.008055296999827988
0.00836010000011811
0.008876031999989209
0.008561208000173792
0.007877481999912561
0.008010466000087035
0.008830127000237553
0.010733046000041213
0.007430084000134229
0.007960035999985848
0.010245205000046553
0.010632248000092659
0.017278787000122975
0.013628366999910213
0.012260431999948196
0.018233924000014667
0.007541978000062954
0.007473754999864468
0.010760350999589718
0.014501358999950753
0.020775023000169313
0.009956388000318839
0.0072876270000961085
0.016528056999959517
0.01156251499969585
0.012144139000156429
0.0084363740002118
0.008127560000048106
0.023019804999876214
0.014176414999838016
0.008197757999823807
0.024436233000415086
0.007272425000337535
0.006904883000061091
0.007777244999942923
0.020012093000332243
0.009563921999870217
0.010601629000120738
0.008804601000065304
0.00901338699986809
0.008169535999968502
0.016081149999990885
0.008713524000086181
0.012997406000067713
0.0077416210001501895
0.008001858000170614
0.020424264000212133
0.010484374000043317
0.00889127800019196
0.007536027000242029
0.009057253999799286
0.020602733000032458
0.014146947999961412
0.01783049799996661
0.01007976199980476
0.009209767000356806
0.008132236000164994
0.008822786000109772
0.007115757000065059
0.006983766999837826
0.0229863069998828
0.010272147000250698
0.010024749999956839
0.009682735999831493
0.008376829000098951
0.008644799999729003
0.02499911799986876
0.0071584320003239554
0.008910687000025064
0.01303976799999873
0.009110387999953673
0.007344331999775022
0.034066627000356675
0.029817849000210117
0.019825275999664882
0.021930830999735917
0.007803882000189333
0.020883100999981252
0.016082674999779556
0.02579319899996335
0.007171954000114056
0.02260915000033492
0.007645355000022391
0.0076331000000209315
0.009079853000002913
0.008317596999859234
0.021425876999728644
0.014465119000306004
0.013982225000290782
0.015164428000389307
0.008815198999855056
0.007916639000086434
0.011671515999751136
0.0072158550001404365
0.017927539000083925
0.009335693999673822
0.01873186300008456
0.010503367000183061
0.007379076000233908
0.02753250899968407
0.007943060999878071
0.00843716500003211
0.00855530099988755
0.008437306999894645
0.009354815000278904
0.010023591999924975
0.03122012799985896
0.025186754999594996
0.0315245199999481
0.03222898100011662
0.007192434999979014
0.012647086000015406
0.007779711999774008
0.00785985399988931
0.008221403999868926
0.007528437000019039
0.013891109000269353
0.009871728000234725
0.00837689100035277
0.007134233999749995
0.009292953000112902
0.023255900000094698
0.010579948000213335
0.011432495999997627
0.007736567999927502
0.007822075000149198
0.024486598999828857
0.01261389399996915
0.007411112000227149
0.011009480000211624
0.007555773000149202
0.012593139000273368
0.007295479000276828
0.019941234000270924
0.02175844799967308
0.0074102240000684105
0.007353186999807804
0.007217057000161731
0.008009098999991693
0.019596188999912556
0.009180970000215893
0.007977629999913916
0.007084886000029655
0.007846011000310682
0.008346632000211684
0.019388479000099323
0.010458812000251783
0.009550862000196503
0.01066380800011757
0.007532804000220494
0.007612923000124283
0.007134775999929843
0.022145030000046972
0.009305841000241344
0.010750454999651993
0.010243851999803155
0.00761005499998646
0.008327755000209436
0.03287778900039484
0.026717766000274423
0.007712511000136146
0.007027453999853606
0.008391076999942015
0.007670454000162863
0.02100806199996441
0.03015315599986934
0.013449918999867805
0.013668525999946723
0.009166196000023774
0.010061130999929446
0.008222518999900785
0.017307385999629332
0.007578588999876956
0.007889229999818781
0.01709293300018544
0.00934050700016087
0.007769876000111253
0.007337177000408701
0.008887586999662744
0.00784620200010977
0.007262176000040199
0.006965209000100003
0.023012878999907116
0.02289585900007296
0.012115479999920353
0.012911177999740175
0.012684647000241966
0.00837106600010884
0.011213499999939813
0.006840744999863091
0.023486833000333718
0.0075042959997517755
0.00858987400033584
0.012794280999969487
0.02031824499999857
0.02869581899994955
0.01007004000030065
0.009330169999884674
0.013733522999700654
0.013840604000051826
0.02775402999986909
0.011757902999761427
0.008436895000158984
0.021489854999799718
0.008813146999727905
0.008527859000423632
0.007361313999808772
0.007157223999911366
0.008521169000232476
0.008993574999749399
0.020164641000064876
0.021000912000090466
0.009806738000406767
0.023613735000253655
0.02173045399968032
0.024726447999910306
0.022350881999955163
0.020332228999905055
0.007727887000328337
0.007106502000169712
0.007827287999589316
0.007955871999911324
0.008506408999892301
0.008550271000331122
0.008578254999974888
0.020519119999789837
0.009064236000085657
0.009409531000073912
0.01934221500005151
0.008348737000233086
0.008206705000247894
0.007309362999876612
0.011008749999746215
0.012807632999738416
0.0075304110000615765
0.02035211599968534
0.02212931300027776
0.01199069199992664
0.020730992000153492
0.008149353000135307
0.00885585700007141
0.022138912999707827
0.00792008700000224
0.02024981599970488
0.04344900099977167
0.036863369999991846
0.008140722999996797
0.008187378999991779
0.013421473000107653
0.010130310000022291
0.009218803000294429
0.02042535400005363
0.032250317000034556
0.011442901000009442
0.012579134999668895
0.010032911999587668
0.008257702999799221
0.016570160000355827
0.007846822999908909
0.00826879900023414
0.009922742000071594
0.009769345999757206
0.008492896000007022
0.00806765200013615
0.022413214000152948
0.008740692000174022
0.00864037900009862
0.008063895999839588
0.00823355399961656
0.007243268000365788
0.008384962000036467
0.020520915999895806
0.011113326999748097
0.02500598100004936
0.02382504200022595
0.02543381999976191
0.007562859999779903
0.020569835000060266
0.01681101599979229
0.013596962000065105
0.010608194000269577
0.026117920999695343
0.008713747999991028
0.02351817499993558
0.01270844999999099
0.011568900999918696
0.02396224299991445
0.021231971999895904
0.010961929000131931
0.012051601999701234
0.02049232299987125
0.008729544000289025
0.007942163999814511
0.025180483999974967
0.0234861760000058
0.010641611999744782
0.017740583999966475
0.011411686999963422
0.008683143999860476
0.0080805259999579
0.007826339000075677
0.02066812300017773
0.00874957800078846
0.007736211000519688
0.007941807999486628
0.008840108999720542
0.016429677999440173
0.026521563000642345
0.013970890000564395
0.020845971999733592
0.011759797000195249
0.008050538999668788
0.011879656000019168
0.027376302999982727
0.00831779700001789
0.008100713999738218
0.007504109999899811
0.007723195999460586
0.010902261000410363
0.011556585000107589
0.009196142999826407
0.021697159999348514
0.007901682000010624
0.008253480000348645
0.024282553999910306
0.02541833699979179
0.011575149000236706
0.011095014999227715
0.008100447000288113
0.009168943999611656
0.01063875299951178
0.011118032000013045
0.027571295999223366
0.012269140000171319
0.025132406000011542
0.020781571999577864
0.011915097000382957
0.021128942999894207
0.01068573600059608
0.02411121200020716
0.0072493910001867334
0.021288220999849727
0.011443798000073002
0.012436364000677713
0.007347475000642589
0.021509403999516508
0.02161819499997364
0.019035521999285265
0.011054389000491938
0.012403583000377694
0.008809121000012965
0.02224526300051366
0.0267001860001983
0.016443170999991708
0.008478323999952408
0.007054153999888513
0.03003861599972879
0.028027581999594986
0.009194669999487814
0.023753002999910677
0.021929178000391403
0.011856566999995266
0.007181572999797936
0.020273702999475063
0.0180188280000948
0.012290497999856598
0.007562019999568292
0.008738281000660209
0.00853902000017115
0.00945001099989895
0.009472245999859297
0.011267688000771159
0.008756307000112429
0.00890370199977042
0.007704022999860172
0.01990385399949446
0.008662147999530134
0.008594509000431572
0.010206933000517893
0.025349373000608466
0.009878437999759626
0.011776172000281804
0.008230163000007451
0.008357440000509087
0.00849192999976367
0.007949415999974008
0.03742548800073564
0.02739556099913898
0.011527411000315624
0.012118032999751449
0.01690192499972909
0.014194051999766089
0.008142642000166234
0.007373878999715089
0.009651921000113362
0.010799604999192525
0.007846706000236736
0.008401765999224153
0.009714558999803558
0.011363393999999971
0.014798045000134152
0.011814755999694171
0.008128019000650966
0.021182836000662064
0.008471582000311173
0.007967469999130117
0.020188614000289817
0.012600826999914716
0.018457522000062454
0.015408650000608759
0.020504025000263937
0.0193756119997488
0.02336334200026613
0.03884275700056605
0.00780472499991447
0.00809686699994927
0.03573347299970919
0.02337422799973865
0.028196623000440013
0.010759683000287623
0.008642505000352685
0.008230389000345895
0.010465024000041012
0.008782431999861728
0.023978930999874137
0.021120039999914297
0.007732562999990478
0.00844470099946193
0.01693653300026199
0.014008505000674631
0.015256200000294484
0.007963993999510421
0.008908797000003688
0.0177450150004006
0.015881667999565252
0.008530179999979737
0.01073160000032658
0.02337539000018296
0.007975823000379023
0.019160423999892373
0.009024101999784762
0.007684997000069416
0.019722777999959362
0.007391719000224839
0.011651128999801585
0.007474713000192423
0.020645444999900064
0.01142264800000703
0.015002912000454671
0.007500030000301194
0.010241728000437433
0.018466657000317355
0.027761862000261317
0.01665472700005921
0.009007237999867357
0.009171309000521433
0.02236244399955467
0.02580158799992205
0.008912021000469394
0.00969638400056283
0.021740706999480608
0.018930963999991945
0.010641075999956229
0.010521337000682252
0.010000729999774194
0.009672602999671653
0.011302695000267704
0.007848687999285175
0.027214886999900045
0.016677411000273423
0.012051519000124244
0.009112104999985604
0.0075288630005161394
0.007936602999507159
0.014517800000248826
0.016668887000378163
0.007400247999612475
0.019450515000244195
0.0073834179993355065
0.016894488000616548
0.007810174000042025
0.008498893000250973
0.009388307999870449
0.009219572999427328
0.00819927100019413
0.007687946000260126
0.008552252000299632
0.019345505000273988
0.008427014000517374
0.007346413999584911
0.0076854119997733505
0.008709314000043378
0.02591614899938577
0.013982516000396572
0.007409247000396135
0.010992879999321303
0.008625143000244861
0.007475921000150265
0.028517781000118703
0.022682124999846565
0.008578891000070143
0.010720027000388654
0.01993099399987841
0.010285355999258172
0.0073213329997088294
0.019412688000556955
0.011039134999919042
0.011186535000888398
0.009637205999752041
0.009496135000517825
0.009564555999531876
0.012902233000204433
0.009940418000041973
0.011666557999888028
0.007371810000222467
0.021221087999947486
0.007944834999761952
0.0106215069999962
0.0238296999996237
0.010872142000152962
0.01602046599964524
0.010022822000792075
0.008738977000575687
0.020336996999503754
0.022296371000265935
0.013173469000321347
0.010085690999403596
0.014368645000104152
0.011436128000241297
0.012142589999712072
0.033219446000657626
0.02115658999991865
0.020303700999647845
0.008365468999727455
0.008912295000300219
0.007296424999367446
0.007544574000348803
0.030263904000094044
0.008065034000537707
0.007555287999821303
0.009822834000260627
0.008990860000267276
0.007475229999727162
0.007576398999844969
0.017328048000308627
0.007513045999985479
0.01033580700004677
0.010473534000084328
0.01043985700016492
0.00927520999994158
0.008313407999594347
0.009562503999404726
0.01138605699998152
0.00965965699924709
0.008647723999274604
0.007305117000214523
0.008606551000411855
0.009531312999570218
0.01118608700016921
0.012455748999855132
0.00736931600022217
0.007879440000579052
0.008365695000065898
0.0073538169999665115
0.007990508000148111
0.010837828999683552
0.009287935999964247
0.009459809999498248
0.0108101469995745
0.01048017399989476
0.01925626799948077
0.015947242999573064
0.007729285000095842
0.01525834299991402
0.007657355000446842
0.01182048800001212
0.007286201000169967
0.007489174000511412
0.009143805000348948
0.008445052000752185
0.02190996700028336
0.008639359999506269
0.010134337000636151
0.009614142000827997
0.011117985000055342
0.00716736099911941
0.02709744399999181
0.027379064000342623
0.007573295000838698
0.009315899000284844
0.007313205000173184
0.007751129999633122
0.008150980999744206
0.008005578999473073
0.010874702999899455
0.010251456999867514
0.007381782999800635
0.007440044999384554
0.014061887000025308
0.010683397999855515
0.008896378999452281
0.008419770999353204
0.008002596999176603
0.021488053999746626
0.0222533480000493
0.023787952999555273
0.0200768650001919
0.013005333999899449
0.007343467999817221
0.007378673000857816
0.008996301000479434
0.008854056000018318
0.00772869000047649
0.007881417000135116
0.009783735000382876
0.009859503999905428
0.0233871549999094
0.023543596000308753
0.00899266600026749
0.023859354999331117
0.015898163000201748
0.008249319000242394
0.008836381000037363
0.00796027900014451
0.018147544999919774
0.014842441999462608
0.016732909999518597
0.008173303999683412
0.008554852000088431
0.007762412000374752
0.00796334900041984
0.008170617999894603
0.012077953999323654
0.008185415999832912
0.007471349000297778
0.009363321999444452
0.007722700000158511
0.006819605999226042
0.01177965300030337
0.013404600000285427
0.010299795999344497
0.009531095000056666
0.007389592999970773
0.00784859199939092
0.013828889000251365
0.013145592000000761
0.007678100000703125
0.007953667999572644
0.007842187999813177
0.008252658999481355
0.008219678999921598
0.007501905000026454
0.013717576000090048
0.015263289999893459
0.02031401500062202
0.0072996170001715655
0.007829171000594215
0.008014037999600987
0.0070733229995312286
0.007730944999821077
0.008329344000230776
0.00982546899922454
0.007403261999570532
0.008156199000040942
0.00835831699987466
0.02164036100020894
0.009160681000139448
0.019657042000289948
0.014751683999747911
0.0116457830008585
0.010058176999336865
0.010044792999906349
0.009963069000150426
0.009681917000307294
0.008988297000541934
0.010691445999327698
0.01311330899989116
0.012112522000279569
0.009014254000248911
0.023269883000466507
0.012819503000173427
0.007767175000481075
0.02188860600017506
0.008569867000005615
0.011165519999849494
0.011610788999860233
0.007162760999563034
0.007396558000436926
0.007328046999646176
0.025748103000296396
0.015379718000076537
0.011588413000026776
0.016630369999802497
0.02022352400035743
0.010349465000217606
0.010231059000034293
0.014786878999984765
0.008597871999882045
0.01615875599964056
0.01284897000005003
0.023790719999851717
0.014127247000033094
0.035748819000218646
0.03298163999988901
0.007289502000276116
0.007937612000205263
0.006952295999326452
0.02410024299933866
0.013083093000204826
0.010165099000005284
0.009203266999975313
0.010149995999199746
0.011171676000230946
0.011596940000345057
0.007873081999605347
0.00732454900025914
0.009283459000471339
0.014769215999876906
0.007788758000060625
0.007062544999826059
0.015641926000171225
0.00887644900012674
0.008354306000001088
0.014286382000136655
0.009093509999729577
0.018528948000493983
0.008146856999701413
0.007570306999696186
0.02248425000016141
0.02864394500011258
0.007582225000078324
0.007781981999869458
0.025366215999383712
0.025712279999424936
0.0069981590004317695
0.008049424999626353
0.008745629000259214
0.008566007999434078
0.008607228000073519
0.010509437000109756
0.008122748999994656
0.01949376500033395
0.02450702700025431
0.01781588100038789
0.007011757000327634
0.007691787999647204
0.009397744000125385
0.007803132999470108
0.010693180000089342
0.011858044999826234
0.019408631000260357
0.0160316409992447
0.007213209999463288
0.010323593000066467
0.00759551100054523
0.0077625200001421035
0.007125601000552706
0.00810336999984429
0.0070865479992789915
0.007351059999564313
0.008292769999570737
0.0069737280000481405
0.007388435000393656
0.00835010799983138
0.034462317999896186
0.012428451999767276
0.018627183000717196
0.026295194000340416
0.008676163000018278
0.007354076000410714
0.022270921999734128
0.023220961000333773
0.018279648999850906
0.014105272000051627
0.007426808000673191
0.007800756000506226
0.022167557000102533
0.010829498000020976
0.021970144999613694
0.01083696899968345
0.007830872000340605
0.009831633000430884
0.00842315400041116
0.008934282999689458
0.013349212999855808
0.021494745000381954
0.009312312000474776
0.007928674000140745
0.010522583999772905
0.011102447999292053
0.026583234000099765
0.014075391000005766
0.00851736799995706
0.007586501000332646
0.02934514299977309
0.02908062499955122
0.008176366000043345
0.008385135000025912
0.013089779000438284
0.009735130999615649
0.007896427000559925
0.007869967000260658
0.024195560000407568
0.015191239999694517
0.008895404000213603
0.0206541859997742
0.009475816000303894
0.008795831000497856
0.019145670999932918
0.012535976999970444
0.02331344399954105
0.012976197999705619
0.009364077000100224
0.009991423999963445
0.008520833000147832
0.00801538699943194
0.019298138000522158
0.010934777000329632
0.008101702000203659
0.009002355000120588
0.011238938000133203
0.008881775999725505
0.00902599300025031
0.009238198000275588
0.007493838999835134
0.007751184999506222
0.007279495999682695
0.007509306000429206
0.007807358999343705
0.008165948999703687
0.009272376999433618
0.026436097000441805
0.008452212000520376
0.008660847000101057
0.012412836999828869
0.012067462000231899
0.02866151899979741
0.02529752299960819
0.033343864000016765
0.034147897000366356
0.016346894999514916
0.009710848999930022
0.009378951000144298
0.009537350999380578
0.008804334000160452
0.007811518999915279
0.007844044999728794
0.007893539000178862
0.009762392999618896
0.008660658999360749
0.009212843000568682
0.012287757000194688
0.011098189999756869
0.01208742299968435
0.015741130999231245
0.01656759300021804
0.008719918999304355
0.007919960000435822
0.010627591999764263
0.006894092000038654
0.016363560000172583
0.010209553999629861
0.010497043999748712
0.009792676999495598
0.020786230999874533
0.021093594999911147
0.010488592000001518
0.01187755999944784
0.01036928200028342
0.018871679999392654
0.007723435000116297
0.007259902999976475
0.01052164599968819
0.008499231000314467
0.00774724300026719
0.0073584889996709535
0.008449980000477808
0.008260666000751371
0.011376417000064976
0.028266799000448373
0.007861435999984678
0.008166346999132656
0.021283650000441412
0.010331540999686695
0.031111882000004698
0.007556963999377331
0.009153457000138587
0.021839516000000003
0.011389872999643558
0.008930828000302427
0.025743911999597913
0.02570265099984681
0.007665322999855562
0.009198671999911312
0.007457538999915414
0.010740410999460437
0.007636641999852145
0.007667306999792345
0.011648726999737846
0.0066889380004795385
0.01762954300011188
0.007873593000113033
0.019131375000142725
0.008862499999850115
0.009809066999878269
0.019990362000498862
0.021061344000372628
0.015580815999783226
0.00809025099988503
0.00696166799934872
0.009434303000489308
0.010116716000084125
0.011739405999833252
0.015774669999700563
0.010664867999366834
0.009412927000084892
0.008473209999465325
0.01071994599988102
0.008925435000492143
0.009215899000082572
0.023106458999791357
0.02686135700059822
0.009434902999601036
0.011003476999576378
0.00841539399971225
0.020912554999995336
0.018315215000257012
0.010099169000568509
0.016945802999543957
0.009669076000136556
0.023915789000056975
0.024222324000220397
0.008472995999909472
0.009778213000572578
0.008268949000012071
0.007556614999884914
0.01385243500044453
0.010344817000259354
0.008983081000224047
0.011833239000225149
0.010997738999321882
0.009772995999810519
0.010737144000813714
0.011521987999913108
0.01492469099957816
0.007886950000283832
0.008109232999231608
0.007298452000213729
0.008488508000482398
0.008319477999975788
0.01950657600082195
0.012259279000318202
0.00841450600000826
0.021330639000552765
0.022933954000109225
0.025920162000147684
0.008015090999833774
0.007359109000390163
0.02037707599993155
0.00962145299945405
0.010397512999588798
0.01878171599946654
0.017949903000044287
0.013986130999910529
0.009924107999722764
0.009923899000568781
0.013616035000268312
0.020986515000004147
0.007550368000011076
0.00790791400049784
0.008010746999389085
0.007933503999993263
0.022968141000092146
0.008619231000011496
0.0292793390008228
0.0069308040001487825
0.029758945000139647
0.02719449500000337
0.007971308000378485
0.020265923999431834
0.00928784400002769
0.00926054999945336
0.0204517610000039
0.010387102000095183
0.00841549600045255
0.007904360999418714
0.022091068000008818
0.01591496999935771
0.00787024500004918
0.01591642099992896
0.007602522000524914
0.009715405999486393
0.02598856300028274
0.02318885400018189
0.021787804999803484
0.011039275000257476
0.00807837100001052
0.023608700000295357
0.01446530100020027
0.007638325000698387
0.007667797999602044
0.011366538999936893
0.020341843999631237
0.007308287999876484
0.00801960799981316
0.00831652499982738
0.008049010999457096
0.007217021000542445
0.008819992999633541
0.007364324000263878
0.00946000699968863
0.014763081999262795
0.008780909000051906
0.007124264000594849
0.019219958000576298
0.02076806300010503
0.007832260999748542
0.007465103999493294
0.007451155999660841
0.007266822999554279
0.013505829999303387
0.010797652999826823
0.01131312799952866
0.009368976000587281
0.02045837500008929
0.007871589000387758
0.015191737000350258
0.01601307300006738
0.00927584199962439
0.007084404999659455
0.007431191999785369
0.008135750999826996
0.0072770140004649875
0.008157185000527534
0.010944374000246171
0.007935462999739684
0.007862634000048274
0.021159898999940197
0.007137554999644635
0.007922349000182294
0.009698157000457286
0.009153289999630942
0.008379257999877154
0.020625945000574575
0.010218444999736676
0.011911137999959465
0.008535927000593801
0.009139028999925358
0.007564774999991641
0.01942756000062218
0.008469785000670527
0.007875012999647879
0.00986507099969458
0.022065836999900057
0.0135605770001348
0.022687659000439453
0.015161782999712159
0.008042146000661887
0.020851908999247826
0.008292282999718736
0.008283997999569692
0.007491326000490517
0.019449740999334608
0.007618618999913451
0.021528392999243806
0.0186673090001932
0.019408089000535256
0.012807614999474026
0.02156137200017838
0.01837548300045455
0.007380058999842731
0.007083688000420807
0.008531839999704971
0.007158224999329832
0.02287034399978438
0.0114662940004564
0.008699404000253708
0.008279288000267115
0.009239555000021937
0.007187948000137112
0.0104642429996602
0.008323838999785949
0.00845598300020356
0.010040924999884737
0.008380021999983
0.009698797000055492
0.010005095999986224
0.013221208999311784
0.014725120000548486
0.011397139999644423
0.011619519000305445
0.00825122499918507
0.02196092200028943
0.021472714000083215
0.008786979000433348
0.020031048000419105
0.008085682000455563
0.008218666999709967
0.01084651700057293
0.00964319800004887
0.007508644000154163
0.007274120000147377
0.018622969000716694
0.00854276799964282
0.007566992000647588
0.012546391000796575
0.007486477000384184
0.007329559000027075
0.02360421100001986
0.026291897999726643
0.009318098000221653
0.008799913000075321
0.007946515000185173
0.012866733000009845
0.007429651000165904
0.009007130000100005
0.010168967999561573
0.0077018599995426484
0.010248675000184448
0.009751943000082974
0.007706090000283439
0.007106871999894793
0.012488029999985883
0.014405644000362372
0.007962667999890982
0.01029659400046512
0.007793093999680423
0.017493497999566898
0.009124836999944819
0.009492023999882804
0.010231301999738207
0.007628599999407015
0.010203584999544546
0.008008739999240788
0.015121411999643897
0.0339037969997662
0.007674564999433642
0.008092811999631522
0.019849129999784054
0.008458496999992349
0.00903801000004023
0.008187834999262122
0.007971009999891976
0.008249249999607855
0.009171573000458011
0.009356896000099368
0.009387632000652957
0.0089684730000954
0.00784226299947477
0.01574584199988749
0.0077838289998908294
0.021171893999962776
0.008331949999956123
0.008048214000154985
0.01731418700001086
0.02166773600038141
0.007543159000306332
0.007648286000403459
0.008702310000444413
0.008362594000573154
0.010058013999696414
0.008126990999699046
0.013429626000288408
0.013227714999629825
0.009049074000358814
0.022520836000694544
0.009185828999761725
0.03422476000014285
0.020390413999848533
0.008294293000290054
0.008339739000803092
0.0069709650006188895
0.009466636000070139
0.01083991099949344
0.008841327000482124
0.008829939999486669
0.007470319999811181
0.008145221000631864
0.01056548499946075
0.010387786000137567
0.0075545230001807795
0.022300453999378078
0.008866698000019824
0.008781024999734655
0.011325085999487783
0.00785108099989884
0.007516758000747359
0.007327072000407497
0.009246740999515168
0.00749437400008901
0.008805670000583632
0.01974755399987771
0.02600369900028454
0.024843990000590566
0.012786518999746477
0.012496703000579146
0.0076355410001269775
0.014908983999703196
0.015496601999984705
0.013147894999747223
0.023891999999250402
0.02103667299979861
0.008259212000666594
0.007396115000119607
0.020519493000392686
0.020202277999487706
0.008120181000776938
0.008394800999667495
0.027263007999863476
0.014628937999987102
0.015005769999334007
0.011622699999861652
0.009434872999918298
0.008916446000512224
0.01990544099953695
0.02071381499990821
0.009358948999761196
0.009185427999909734
0.010545197999817901
0.008206127999983437
0.00750864699966769
0.024224543999480375
0.023158370999226463
0.009507601000223076
0.014619902000049478
0.015861619000133942
0.009726321000016469
0.020415095999851474
0.01576742999986891
0.011117340999589942
0.009579159999702824
0.011158407000039006
0.009915290000208188
0.009357195000120555
0.007642307999958575
0.008228837999922689
0.008987619999970775
0.007790524000483856
0.019245953999416088
0.008349744000042847
0.01603746599994338
0.021039054999164364
0.009180541000205267
0.009724796999762475
0.007511832999625767
0.007528752999860444
0.02191673000015726
0.020944937999956892
0.007952332999593636
0.0071030640001481515
0.014002614999299112
0.011909672000001592
0.00747806299932563
0.007522050999796193
0.008402237999689532
0.007519937999859394
0.007698800999605737
0.0072025649997158325
0.008871252000062668
0.009354707000056806
0.010296336999999767
0.008105302000330994
0.011921367000468308
0.010190241000600508
0.008284364999781246
0.010711040999922261
0.007781361000525067
0.00861745099973632
0.008808974999737984
0.00900576800086128
0.010360382000726531
0.007923221999590169
0.016170960999261297
0.00928159399973083
0.00820787799966638
0.011363669000274967
0.01773862099980761
0.007909777000350005
0.012261261000276136
0.01243069199972524
0.00915584399990621
0.009834079000029305
0.007590263999190938
0.007747579000351834
0.008823592999760876
0.007921153000097547
0.009514888999547111
0.022007459999258572
0.009826340000472555
0.010656047999873408
0.007454732000041986
0.009926450999955705
0.008597955999903206
0.01178204799998639
0.020805580999876838
0.03353423800035671
0.012543120000373165
0.01285718600047403
0.022976903000198945
0.010533951999605051
0.014946268000130658
0.016898368000511255
0.01221133900071436
0.013040718000411289
0.007443782000336796
0.01261829699978989
0.009531159999824013
0.008060586000283365
0.016994720000184316
0.009934799999427923
0.007722287000433425
0.0076496020001286524
0.00795602499965753
0.020017861000269477
0.008350734000487137
0.009666738999840163
0.014208163999683165
0.011591260000386683
0.007455761000528582
0.007231466000121145
0.013953839999885531
0.015305174000786792
0.008635086999674968
0.010778939000374521
0.008661597999889636
0.00853590500082646
0.01009706799959531
0.007304011000087485
0.007618093000019144
0.008635006000076828
0.007411803999275435
0.008157147000019904
0.023503321999669424
0.036856737000562134
0.008148267999786185
0.007978037000611948
0.00938481100001809
0.029954208000162907
0.00953429600031086
0.009425066000403604
0.01065783099966211
0.009165650999420905
0.017793173999962164
0.00792862599973887
0.008606267000686785
0.007525340000029246
0.007553436000307556
0.007249905000207946
0.007730094000180543
0.03023605399994267
0.008780651999586553
0.020266608000383712
0.007558121999863943
0.007005932000538451
0.008696705000147631
0.00847141800022655
0.007933148999654804
0.00834632199985208
0.009402390999639465
0.019779200000812125
0.011104967999926885
0.011128435000500758
0.007994644999598677
0.007921976000034192
0.009247707000213268
0.010104613000294194
0.008468308000374236
0.012102498000786
0.008459861999654095
0.007481302000087453
0.010911987000326917
0.011318605999804277
0.014279728000474279
0.015103525999620615
0.008834046000629314
0.008533847999387945
0.008075564000137092
0.008286815999781538
0.02255474100002175
0.009126457000093069
0.010479266000402276
0.013357550999899104
0.007928068000182975
0.009319779000179551
0.007443927000167605
0.020853872000770934
0.00962451399936981
0.011856758999783779
0.007385887999589613
0.008105838000119547
0.0221222129994203
0.012227242999870214
0.021142739000424626
0.012037909000355285
0.019913152999833983
0.013723221999498492
0.008347233999302262
0.021732689000600658
0.007671348000258149
0.018905242000073486
0.007405690000268805
0.007655899999917892
0.018416533000163327
0.007910919000096328
0.008894321999832755
0.007815296999979182
0.009399924000717874
0.00930692200017802
0.017911928000103217
0.013989844000207086
0.018600901999889174
0.012243506000231719
0.010451484000441269
0.013855252000212204
0.00989149199995154
0.009081690999664715
0.008517765999386029
0.008270377999906486
0.02207291000013356
0.03429036299985455
0.031314380999901914
0.029400899999927788
0.008411265000177082
0.010300238000127138
0.013196738999795343
0.013312974999280414
0.010527954999815847
0.011267631999544392
0.01152247299978626
0.01156515499951638
0.021406450000540644
0.012309214000197244
0.007781896999404125
0.019344259999343194
0.00782123600038176
0.007158426000387408
0.007309982000151649
0.010168187000090256
0.008094331999927817
0.007328749999942374
0.007997566999620176
0.007286765000571904
0.009055147000253783
0.008529934999387478
0.022654582000541268
0.0173111300000528
0.007132230999559397
0.007862014999773237
0.013778634000118473
0.015418500000123458
0.007464839000022039
0.010917911999968055
0.011445942999671388
0.008646393999697466
0.007110894000106782
0.007338985999922443
0.0194382379995659
0.0070671479998054565
0.022731367999767826
0.020038661999933538
0.00739543399959075
0.00740420600050129
0.00823350499922526
0.00757656399946427
0.009765771999809658
0.01027363899993361
0.008448702999885427
0.020515678999800002
0.011391942000045674
0.012708463999842934
0.009617101000003458
0.008281761000034749
0.01602988299964636
0.009451877999708813
0.008089363000181038
0.02126346699969872
0.015531660999840824
0.009976643999834778
0.008810719999928551
0.010887423999520252
0.008265509000011662
0.007549172999461007
0.008216124999307794
0.007939201000226603
0.007379771000159963
0.009401010999681603
0.008181678000255488
0.009811516999434389
0.020851848000347672
0.011752564999369497
0.02039930200044182
0.01679413400051999
0.023436329999640293
0.023154513000008592
0.016129959999489074
0.010640450000209967
0.008249579000221274
0.007283232999725442
0.01478967300045042
0.00819203999981255
0.007854637000491493
0.02014455900007306
0.00848407400008
0.0070198309995248565
0.025183664999531175
0.03172549200007779
0.007201423999504186
0.026415189999170252
0.025053616000150214
0.011674398000650399
0.009795025000130408
0.012221012999361847
0.016291146999719786
0.013896541999201872
0.01004649900005461
0.007816881000508147
0.00997105799979181
0.021569647999967856
0.008827388999634422
0.009114876999774424
0.008286397000119905
0.020621330000722082
0.010038703999271092
0.013161214000319887
0.008274255999822344
0.007361501000559656
0.009111906000725867
0.015212099000564194
0.021533996000471234
0.020910997999635583
0.008175801999641408
0.008029432000512315
0.009565924000526138
0.008770735000325658
0.007860622000407602
0.008323541999743611
0.008153389000653988
0.008014367000214406
0.007478239000192843
0.0068696460002684034
0.007551882000370824
0.008185871000023326
0.01124015799996414
0.012042583999573253
0.011306368000077782
0.009278443999392039
0.013386308999542962
0.007366273000116053
0.01018418900002871
0.012033076999614423
0.026025576000392903
0.02785489100006089
0.00768599399998493
0.027348222000000533
0.01801362300011533
0.015627390000190644
0.008570903999498114
0.0273471040000004
0.00776387799942313
0.007353060999776062
0.008467858000585693
0.008483700999931898
0.008683914000357618
0.007629807999364857
0.009099439999772585
0.02880479200030095
0.008681015000547632
0.0072729240000626305
0.009415454999725625
0.00929197599998588
0.010216184999990219
0.01042604600024788
0.011540149999746063
0.011097324000729714
0.010853026000404498
0.007386379999843484
0.027736367999750655
0.0074521740007185144
0.007724533999862615
0.008037001999582571
0.010783077999803936
0.008108355000331358
0.013339821000045049
0.010972623999805364
0.008186588999706146
0.007653558999663801
0.008078775000285532
0.008283622999442741
0.010519354000280146
0.011538409999957366
0.03695061100006569
0.02523469700008718
0.018349504999605415
0.014083052000387397
0.010887221000302816
0.024515277999853424
0.012931256000229041
0.013230000000476139
0.01304925699969317
0.010741191999841249
0.007134997000321164
0.009701335000499967
0.022750514000108524
0.019336059999659483
0.007157901000027778
0.007657490999918082
0.007107199000529363
0.007393259999844304
0.007453207999787992
0.007556456000202161
0.008473150999634527
0.007870833999731985
0.008859702999870933
0.007110217000445118
0.00860181499956525
0.008030269000300905
0.008969932000582048
0.007718097999713791
0.013578887999756262
0.014633519000199158
0.019753244000639825
0.018423508000523725
0.007822376999683911
0.00687580399971921
0.02521308600080374
0.028052498999386444
0.00738047100003314
0.007238119000248844
0.036119765999501396
0.021688329999960843
0.02277720300025976
0.016214587999456853
0.00837600900013058
0.00834671999928105
0.011195179000424105
0.011363215000528726
0.00822045299992169
0.019791265000094427
0.008884474999831582
0.007564303999970434
0.00880214100016019
0.009546451000460365
0.0083312519991523
0.008039053000175045
0.008563270999729866
0.008218223999392649
0.008202734000406053
0.008428185999946436
0.025297246999798517
0.020749943000737403
0.03214829500029737
0.029283169000336784
0.03346159600005194
0.033929393000107666
0.0075240399992253515
0.032920739000473986
0.02067678099956538
0.010665302999768755
0.0080350999996881
0.00941058299940778
0.014741236000190838
0.007462860000487126
0.019244772999627457