0.00111222267151
0.001060962677
0.00101494789124
0.000789880752563
0.000936031341553
0.000826835632324
0.000869035720825
0.000825166702271
0.000916957855225
0.000823974609375
0.000906944274902
0.000813007354736
0.000900983810425
0.000816106796265
0.000855922698975
0.000808000564575
0.000856876373291
0.000816822052002
0.000864028930664
0.000802040100098
0.000863075256348
0.000782012939453
0.000869989395142
0.000802040100098
0.000857830047607
0.000816106796265
0.000849962234497
0.00079607963562
0.000834941864014
0.00081992149353
0.000878095626831
0.000832080841064
0.000880002975464
0.000765800476074
0.000834941864014
0.000777959823608
0.000906944274902
0.000817775726318
0.000895023345947
0.000799179077148
0.00087308883667
0.000813961029053
0.000906944274902
0.000815868377686
0.00092601776123
0.000823974609375
0.000915050506592
0.000797033309937
0.000915050506592
0.000823974609375
0.000932931900024
0.000810861587524
0.000951051712036
0.000818014144897
0.00094199180603
0.000829935073853
0.000958919525146
0.000818014144897
0.000876903533936
0.000781059265137
0.000927925109863
0.000821113586426
0.000963926315308
0.000824928283691
0.000953912734985
0.000815868377686
0.000921964645386
0.000816822052002
0.000915050506592
0.000809907913208
0.000935792922974
0.00082802772522
0.000916957855225
0.00077486038208
0.000886917114258
0.000820159912109
0.000934839248657
0.000813007354736
0.000923871994019
0.000770092010498
0.000924110412598
0.000811100006104
0.000935077667236
0.000818967819214
0.000916004180908
0.000827074050903
0.000941038131714
0.000809907913208
0.000931978225708
0.000772953033447
0.000906944274902
0.000760078430176
0.000910997390747
0.000818967819214
0.000941038131714
0.000815153121948
0.000928163528442
0.000828981399536
0.000927925109863
0.000828981399536
0.000940084457397
0.000828981399536
0.000941038131714
0.00082802772522
0.000939130783081
0.000826120376587
0.000951051712036
0.000814199447632
0.000922203063965
0.000814914703369
0.00092887878418
0.00081205368042
0.000861883163452
0.000820875167847
0.000972032546997
0.000834941864014
0.000967979431152
0.00081992149353
0.000961065292358
0.000825166702271
0.000971078872681
0.000823020935059
0.000926971435547
0.000765085220337
0.000904083251953
0.000817060470581
0.000930070877075
0.000815868377686
0.000915050506592
0.000821828842163
0.000939130783081
0.000825166702271
0.000944137573242
0.000801086425781
0.000941038131714
0.000825881958008
0.000945091247559
0.000816106796265
0.000917911529541
0.000833034515381
0.000930070877075
0.000830888748169
0.000957012176514
0.000827074050903
0.000913143157959
0.000827074050903
0.00094199180603
0.000820875167847
0.000927925109863
0.000839948654175
0.000937938690186
0.000833034515381
0.000913143157959
0.000835180282593
0.000945806503296
0.000827074050903
0.000944137573242
0.000818014144897
0.00092601776123
0.00081205368042
0.000898122787476
0.000827789306641
0.00091814994812
0.000799894332886
0.000853061676025
0.000821828842163
0.000928163528442
0.000815868377686
0.000937938690186
0.000821828842163
0.000940799713135
0.000809907913208
0.000948905944824
0.000823020935059
0.00092601776123
0.000797986984253
0.000856876373291
0.000825881958008
0.000931024551392
0.000829935073853
0.00094199180603
0.000761032104492
0.000899076461792
0.00079083442688
0.000910997390747
0.000825166702271
0.000895977020264
0.000828981399536
0.000922918319702
0.000839948654175
0.000947952270508
0.000823020935059
0.000931978225708
0.000838041305542
0.000921010971069
0.000824928283691
0.000927209854126
0.000805854797363
0.000943183898926
0.000828981399536
0.000932931900024
0.000829935073853
0.00090479850769
0.000839948654175
0.000926971435547
0.000827074050903
0.000931978225708
0.000793933868408
0.000866174697876
0.000780820846558
0.000901937484741
0.000823020935059
0.000917196273804
0.000823974609375
0.000923871994019
0.000822067260742
0.000910043716431
0.000808954238892
0.000894069671631
0.000821113586426
0.000920057296753
0.000806093215942
0.00091814994812
0.000824928283691
0.000952005386353
0.000822067260742
0.000933885574341
0.000842094421387
0.000929117202759
0.000828981399536
0.000898838043213
0.00078296661377
0.000896215438843
0.000813961029053
0.000937938690186
0.000832796096802
0.000986099243164
0.000815153121948
0.000905990600586
0.000827074050903
0.000955820083618
0.000820159912109
0.000951051712036
0.000832796096802
0.000946998596191
0.000823974609375
0.000938892364502
0.000802993774414
0.000947952270508
0.000825166702271
0.00092887878418
0.000806093215942
0.000849962234497
0.000828981399536
0.000946044921875
0.000828981399536
0.000939846038818
0.000843048095703
0.00094199180603
0.00080680847168
0.000958204269409
0.000831127166748
0.000939130783081
0.000817060470581
0.000927925109863
0.000786066055298
0.000705003738403
0.000808000564575
0.000946998596191
0.000836133956909
0.000948905944824
0.000809907913208
0.000941038131714
0.00085711479187
0.000882863998413
0.000800132751465
0.000918865203857
0.000814914703369
0.000905990600586
0.000833034515381
0.000927925109863
0.00081205368042
0.000916004180908
0.000828981399536
0.00092887878418
0.00080418586731
0.000936985015869
0.000822067260742
0.000946044921875
0.000816106796265
0.000933885574341
0.000815153121948
0.000924825668335
0.000818967819214
0.000931978225708
0.000827074050903
0.000998020172119
0.00082802772522
0.00092887878418
0.000818014144897
0.000947952270508
0.00082802772522
0.000943899154663
0.000833988189697
0.00090503692627
0.000813961029053
0.000948905944824
0.000822067260742
0.00091814994812
0.000782012939453
0.000869989395142
0.000827789306641
0.000908136367798
0.000817060470581
0.000944852828979
0.000838041305542
0.000942945480347
0.000816822052002
0.000906944274902
0.000824928283691
0.000951051712036
0.000818967819214
0.000947952270508
0.00079083442688
0.000954151153564
0.000797986984253
0.000916957855225
0.000776052474976
0.00088906288147
0.000790119171143
0.000885009765625
0.000829935073853
0.000942945480347
0.000839948654175
0.000893115997314
0.000815153121948
0.000968933105469
0.000797033309937
0.000941038131714
0.00084114074707
0.000931978225708
0.000827074050903
0.000962018966675
0.000833034515381
0.000957012176514
0.000823020935059
0.00095009803772
0.00082802772522
0.000908136367798
0.000824928283691
0.000903844833374
0.000807046890259
0.000924825668335
0.000813007354736
0.000880002975464
0.000825166702271
0.000920057296753
0.000828981399536
0.000936031341553
0.000779867172241
0.000916957855225
0.000810861587524
0.000921010971069
0.00081205368042
0.000916004180908
0.000808954238892
0.000893831253052
0.000814914703369
0.000893831253052
0.000838994979858
0.000903844833374
0.000814914703369
0.000938892364502
0.000829935073853
0.000943899154663
0.000814914703369
0.000921010971069
0.000775814056396
0.000900030136108
0.000808954238892
0.000901937484741
0.000810861587524
0.000924110412598
0.000795125961304
0.000933170318604
0.000781059265137
0.000877141952515
0.00081205368042
0.000932931900024
0.000807046890259
0.000878095626831
0.000781059265137
0.000922918319702
0.000814199447632
0.00086498260498
0.000816106796265
0.00094199180603
0.000833034515381
0.000941038131714
0.000808000564575
0.000917911529541
0.000781059265137
0.000977993011475
0.00081992149353
0.000921964645386
0.000817060470581
0.000938892364502
0.000820875167847
0.000939846038818
0.00081205368042
0.000972032546997
0.000821113586426
0.000922918319702
0.000829935073853
0.000893115997314
0.000782012939453
0.000924110412598
0.000813961029053
0.000907897949219
0.000831842422485
0.000874996185303
0.000811100006104
0.000906944274902
0.000813007354736
0.000931978225708
0.000775814056396
0.00092601776123
0.000827074050903
0.000944137573242
0.000825881958008
0.000899076461792
0.000797033309937
0.000852108001709
0.000808954238892
0.00093412399292
0.00082802772522
0.000974178314209
0.000825881958008
0.000940084457397
0.000823974609375
0.000951051712036
0.000820875167847
0.000985145568848
0.000820159912109
0.000917196273804
0.000827074050903
0.000884056091309
0.000833988189697
0.000922918319702
0.000777006149292
0.000919103622437
0.000809907913208
0.000914096832275
0.00078296661377
0.000903844833374
0.00082802772522
0.00093412399292
0.000814914703369
0.000946998596191
0.000814914703369
0.000926971435547
0.000826120376587
0.000944137573242
0.000811100006104
0.000915050506592
0.000844955444336
0.000934839248657
0.000813007354736
0.000952959060669
0.000823020935059
0.000939846038818
0.000808000564575
0.000933170318604
0.000846862792969
0.000958919525146
0.000802040100098
0.000952959060669
0.000808954238892
0.000938892364502
0.000833034515381
0.000970125198364
0.000815868377686
0.000929117202759
0.000823020935059
0.000921010971069
0.000768899917603
0.000921010971069
0.000834941864014
0.000935077667236
0.000813961029053
0.000917911529541
0.000820875167847
0.000917196273804
0.000813007354736
0.000936985015869
0.000799894332886
0.000921964645386
0.000804901123047
0.000842094421387
0.000816106796265
0.000924110412598
0.000828981399536
0.000920057296753
0.000817060470581
0.000954151153564
0.000823974609375
0.000931978225708
0.000813961029053
0.000941038131714
0.000822067260742
0.000916004180908
0.000825881958008
0.000939130783081
0.000807046890259
0.000917911529541
0.000825881958008
0.000949144363403
0.000807046890259
0.000936031341553
0.000826120376587
0.000937938690186
0.000823020935059
0.000984907150269
0.000822067260742
0.00092601776123
0.000823020935059
0.000930070877075
0.000826120376587
0.00095009803772
0.000854015350342
0.000930070877075
0.000829935073853
0.000934839248657
0.000836849212646
0.000931978225708
0.00080394744873
0.000939130783081
0.000834941864014
0.000914812088013
0.00080418586731
0.000943899154663
0.000816106796265
0.000883102416992
0.000828981399536
0.000942945480347
0.000823020935059
0.000962972640991
0.000823974609375
0.000957012176514
0.000792980194092
0.000931024551392
0.000820159912109
0.000955104827881
0.000822067260742
0.000901937484741
0.000792980194092
0.000874996185303
0.000778913497925
0.000919818878174
0.000813007354736
0.000920057296753
0.000823020935059
0.000933885574341
0.000818967819214
0.000924825668335
0.000776052474976
0.000879049301147
0.000824213027954
0.000952005386353
0.000808954238892
0.000916004180908
0.000820875167847
0.000928163528442
0.000818967819214
0.000975847244263
0.000829935073853
0.000937938690186
0.000841856002808
0.000952959060669
0.000820875167847
0.000938892364502
0.000825881958008
0.000970125198364
0.000815868377686
0.000926971435547
0.000826120376587
0.000946044921875
0.000825881958008
0.000938892364502
0.000771999359131
0.000910997390747
0.000832080841064
0.000952959060669
0.000828981399536
0.000943899154663
0.000854969024658
0.000938892364502
0.000831127166748
0.000937938690186
0.000826120376587
0.000952959060669
0.000820875167847
0.000885009765625
0.000806093215942
0.000868082046509
0.000808954238892
0.000940799713135
0.000813007354736
0.000945091247559
0.000840187072754
0.000939130783081
0.000821113586426
0.000945091247559
0.000854015350342
0.000949859619141
0.000816106796265
0.000882148742676
0.000820159912109
0.000943899154663
0.000826120376587
0.000953197479248
0.000778913497925
0.000885963439941
0.000784873962402
0.000875949859619
0.000818967819214
0.000942945480347
0.000838041305542
0.000967979431152
0.000808000564575
0.000936985015869
0.000833988189697
0.00092887878418
0.000811100006104
0.000963926315308
0.00082802772522
0.000931024551392
0.000808954238892
0.000877857208252
0.00080680847168
0.000944852828979
0.00076699256897
0.000859975814819
0.000820875167847
0.000921964645386
0.000810146331787
0.000919818878174
0.000822067260742
0.000951051712036
0.000806093215942
0.000907897949219
0.000810146331787
0.000917911529541
0.000836133956909
0.000946044921875
0.000843048095703
0.00094199180603
0.00081992149353
0.000940084457397
0.000815153121948
0.000935077667236
0.000818014144897
0.000942945480347
0.000804901123047
0.000915050506592
0.000836849212646
0.000950813293457
0.000822067260742
0.000931978225708
0.00081205368042
0.00092887878418
0.000833034515381
0.000941038131714
0.000833034515381
0.000921010971069
0.000818014144897
0.000930786132812
0.000833034515381
0.000958919525146
0.000825881958008
0.00089693069458
0.000826835632324
0.000910997390747
0.000813961029053
0.000874996185303
0.000816822052002
0.000936985015869
0.000838994979858
0.000903844833374
0.000838041305542
0.000931978225708
0.000828981399536
0.00092887878418
0.000809907913208
0.000902891159058
0.000836849212646
0.000955104827881
0.000810146331787
0.000919818878174
0.000815868377686
0.00092887878418
0.000823974609375
0.000891923904419
0.000823020935059
0.000919818878174
0.000822067260742
0.000948905944824
0.000769853591919
0.000885963439941
0.000802040100098
0.000962972640991
0.000814914703369
0.000931978225708
0.000808954238892
0.000946044921875
0.000818014144897
0.000916957855225
0.000828981399536
0.000925779342651
0.000833988189697
0.000926971435547
0.000824928283691
0.000921964645386
0.000828981399536
0.000933885574341
0.000815153121948
0.000935792922974
0.000810861587524
0.000928163528442
0.000816106796265
0.000951051712036
0.000756025314331
0.000884056091309
0.000833034515381
0.000904083251953
0.000823974609375
0.000947237014771
0.000832796096802
0.000945091247559
0.000824213027954
0.000931978225708
0.000816106796265
0.00092601776123
0.000808954238892
0.000946998596191
0.00081992149353
0.000938892364502
0.000814914703369
0.000931978225708
0.000824928283691
0.000952005386353
0.000828981399536
0.00094199180603
0.000815868377686
0.000946044921875
0.000831842422485
0.000955820083618
0.000823020935059
0.00092601776123
0.000775814056396
0.00086498260498
0.000821113586426
0.000911951065063
0.000818014144897
0.00093412399292
0.000823974609375
0.000921010971069
0.00082802772522
0.000916004180908
0.000784873962402
0.000940084457397
0.000817060470581
0.000931024551392
0.000793933868408
0.00092601776123
0.000816822052002
0.000924825668335
0.00081992149353
0.000893115997314
0.000782012939453
0.000871896743774
0.000831127166748
0.00088095664978
0.000813961029053
0.00097393989563
0.00081992149353
0.000932216644287
0.000814914703369
0.000934839248657
0.000823974609375
0.000922918319702
0.000836133956909
0.000874042510986
0.000805139541626
0.000967025756836
0.000818014144897
0.000948190689087
0.000802993774414
0.000927925109863
0.000831842422485
0.000943899154663
0.000816106796265
0.000971078872681
0.000826120376587
0.000923871994019
0.000829935073853
0.000952959060669
0.000762939453125
0.000904083251953
0.000822067260742
0.000961065292358
0.000818014144897
0.000910043716431
0.00080394744873
0.000885963439941
0.000816106796265
0.000910997390747
0.000823020935059
0.00091814994812
0.00081205368042
0.000948190689087
0.000825881958008
0.000926971435547
0.000815868377686
0.000934839248657
0.000829935073853
0.000901937484741
0.000826120376587
0.000946044921875
0.000814199447632
0.000932931900024
0.000821828842163
0.000898122787476
0.000816106796265
0.000967979431152
0.000784873962402
0.00091814994812
0.000826835632324
0.000945806503296
0.000838994979858
0.00094199180603
0.000808000564575
0.000933885574341
0.000827074050903
0.000942945480347
0.000813007354736
0.000943899154663
0.000826835632324
0.000932216644287
0.000832796096802
0.00095009803772
0.000846147537231
0.000938177108765
0.00084114074707
0.000954866409302
0.000810861587524
0.000946044921875
0.000810146331787
0.000882863998413
0.000823020935059
0.00094199180603
0.000771999359131
0.000913143157959
0.000823020935059
0.000945091247559
0.000776052474976
0.000908851623535
0.000823020935059
0.000939846038818
0.000811100006104
0.000921010971069
0.000827789306641
0.000936985015869
0.000820875167847
0.000924825668335
0.000793933868408
0.000874042510986
0.000833988189697
0.000949859619141
0.000815153121948
0.000916004180908
0.00079607963562
0.000890016555786
0.000818967819214
0.000952005386353
0.000809907913208
0.000915050506592
0.000830888748169
0.000937938690186
0.000825881958008
0.000916004180908
0.00082802772522
0.000920057296753
0.000818014144897
0.000936031341553
0.000823974609375
0.000953912734985
0.000779867172241
0.000937938690186
0.000832080841064
0.00087308883667
0.000825166702271
0.000935077667236
0.000828981399536
0.000921964645386
0.000827074050903
0.00092887878418
0.000807046890259
0.000946998596191
0.000831842422485
0.000983953475952
0.00078010559082
0.000919103622437
0.00082802772522
0.000931024551392
0.000822067260742
0.000930786132812
0.000824928283691
0.000944137573242
0.000828981399536
0.000941038131714
0.000833988189697
0.000946998596191
0.000828981399536
0.000932216644287
0.000814199447632
0.000940799713135
0.000772953033447
0.000874996185303
0.000823974609375
0.000921964645386
0.000808954238892
0.000903129577637
0.000820875167847
0.000921010971069
0.000772953033447
0.000911951065063
0.000823974609375
0.000927925109863
0.000771045684814
0.000886917114258
0.000821113586426
0.000921010971069
0.000825881958008
0.000907897949219
0.000834941864014
0.000929117202759
0.000806093215942
0.000932931900024
0.000816106796265
0.00092601776123
0.000808000564575
0.000916957855225
0.000818967819214
0.00092601776123
0.000802993774414
0.000921964645386
0.000827789306641
0.000910997390747
0.000817060470581
0.000919103622437
0.000776052474976
0.000901937484741
0.000832080841064
0.000910997390747
0.00078296661377
0.000895023345947
0.000808954238892
0.000935792922974
0.000824213027954
0.000936031341553
0.000833034515381
0.000927925109863
0.00080394744873
0.000939846038818
0.000825166702271
0.000965118408203
0.000828981399536
0.00091814994812
0.000827789306641
0.000921964645386
0.000820159912109
0.000938892364502
0.000817060470581
0.00095009803772
0.000776052474976
0.000869035720825
0.000814914703369
0.000951051712036
0.00082802772522
0.000952959060669
0.000834941864014
0.000940084457397
0.000816822052002
0.000933885574341
0.00081992149353
0.000948905944824
0.000823020935059
0.00092887878418
0.000832796096802
0.000942945480347
0.000814914703369
0.000921964645386
0.000842094421387
0.00092601776123
0.000832080841064
0.000937938690186
0.000814914703369
0.000961780548096
0.000823974609375
0.00091814994812
0.000837087631226
0.000931024551392
0.000821113586426
0.000943899154663
0.000829935073853
0.00091814994812
0.000825166702271
0.000941038131714
0.000801086425781
0.000916004180908
0.000772953033447
0.000884056091309
0.000836849212646
0.000947952270508
0.000824928283691
0.00092601776123
0.000829935073853
0.00093412399292
0.00080680847168
0.000926971435547
0.000831127166748
0.000914096832275
0.000820875167847
0.000925064086914
0.000814914703369
0.000879049301147
0.000825881958008
0.000910997390747
0.000829935073853
0.000892877578735
0.00081205368042
0.000858068466187
0.00081992149353
0.000914096832275
0.000818967819214
0.000963926315308
0.000833988189697
0.000927925109863
0.000811100006104
0.000913858413696
0.000831127166748
0.00087308883667
0.000782012939453
0.000917911529541
0.000830173492432
0.000910997390747
0.000828981399536
0.000930070877075
0.000823974609375
0.000921010971069
0.000843048095703
0.000896215438843
0.000818967819214
0.000926971435547
0.000821113586426
0.000914096832275
0.000816106796265
0.00088906288147
0.000830888748169
0.000926971435547
0.000838041305542
0.00092601776123
0.000821113586426
0.000941038131714
0.000838041305542
0.000946044921875
0.000826835632324
0.000934839248657
0.000830888748169
0.000937938690186
0.000823974609375
0.000937938690186
0.000840187072754
0.000900030136108
0.000846147537231
0.000949859619141
0.000823974609375
0.000859022140503
0.000832080841064
0.000932931900024
0.000823020935059
0.000940084457397
0.000839948654175
0.00093412399292
0.00077486038208
0.000867128372192
0.000777006149292
0.000872135162354
0.00083589553833
0.000943899154663
0.000828981399536
0.000933170318604
0.000831842422485
0.000892877578735
0.000826835632324
0.000935792922974
0.000833034515381
0.000940084457397
0.000834941864014
0.00101113319397
0.00081992149353
0.000875949859619
0.00081992149353
0.000940084457397
0.000839948654175
0.00098705291748
0.000821113586426
0.000938892364502
0.000825881958008
0.000911951065063
0.00078010559082
0.000890970230103
0.000836849212646
0.000932931900024
0.000828981399536
0.000952005386353
0.000838994979858
0.000967979431152
0.000822782516479
0.00095796585083
0.000818014144897
0.00092887878418
0.000786066055298
0.000860929489136
0.00080680847168
0.000895977020264
0.000836849212646
0.000919818878174
0.000828981399536
0.000952005386353
0.00082802772522
0.000895977020264
0.000816822052002
0.000967025756836
0.000818967819214
0.000921010971069
0.000825881958008
0.000926971435547
0.00084400177002
0.000947952270508
0.00079607963562
0.000895023345947
0.000777006149292
0.000949859619141
0.000813007354736
0.000705003738403
0.000811100006104
0.000940084457397
0.000825166702271
0.000968933105469
0.000814199447632
0.000922918319702
0.00078296661377
0.000885009765625
0.000825881958008
0.000932931900024
0.000821113586426
0.000937938690186
0.000827074050903
0.000998973846436
0.000793933868408
0.000926971435547
0.000826120376587
0.000943183898926
0.000834941864014
0.000931978225708
0.000815868377686
0.000917911529541
0.000838994979858
0.000926971435547
0.000808000564575
0.000915050506592
0.000808954238892
0.000922203063965
0.000825881958008
0.000934839248657
0.000823020935059
0.000916004180908
0.000833988189697
0.000916957855225
0.000773906707764
0.000906944274902
0.000836133956909
0.00094199180603
0.000808000564575
0.000921010971069
0.000829935073853
0.000905990600586
0.000823974609375
0.000895977020264
0.000827789306641
0.000941038131714
0.000838994979858
0.000931978225708
0.000828981399536
0.000907182693481
0.000823020935059
0.000930070877075
0.000810146331787
0.000928163528442
0.000832796096802
0.00092887878418
0.00083589553833
0.000929117202759
0.000831127166748
0.000942945480347
0.000830888748169
0.000929117202759
0.000822067260742
0.000953912734985
0.000824928283691
0.000925064086914
0.000826835632324
0.000953912734985
0.000786066055298
0.000869989395142
0.000834941864014
0.000927209854126
0.000782012939453
0.000936985015869
0.000808954238892
0.000859022140503
0.000808954238892
0.000929832458496
0.000821113586426
0.000934839248657
0.000831842422485
0.000939130783081
0.000822067260742
0.000916004180908
0.000821828842163
0.000927925109863
0.000824928283691
0.000964879989624
0.00081992149353
0.00092601776123
0.000772953033447
0.000921964645386
0.000823020935059
0.000934839248657
0.000831842422485
0.000927925109863
0.000833034515381
0.000922918319702
0.000829935073853
0.000905990600586
0.000818967819214
0.000943183898926
0.000823020935059
0.000969886779785
0.000826835632324
0.000925064086914
0.000833988189697
0.00090503692627
0.000814914703369
0.000955820083618
0.00084400177002
0.000936031341553
0.000766038894653
0.000923871994019
0.000794887542725
0.000874996185303
0.00081992149353
0.00094199180603
0.000820159912109
0.000936985015869
0.000787973403931
0.000893115997314
0.000840187072754
0.000921964645386
0.000831127166748
0.000936031341553
0.000797986984253
0.000921964645386
0.000818014144897
0.000925064086914
0.000825166702271
0.000955104827881
0.000832080841064
0.000946998596191
0.000837087631226
0.000941038131714
0.000818014144897
0.00096607208252
0.000782012939453
0.000931978225708
0.000775098800659
0.00091814994812
0.000833988189697
0.000935077667236
0.000836849212646
0.000952959060669
0.000828981399536
0.00094199180603
0.000827074050903
0.000886917114258
0.000838994979858
0.000917911529541
0.000823020935059
0.000922918319702
0.000778913497925
0.000872850418091
0.000834941864014
0.000937938690186
0.000795841217041
0.000879049301147
0.000816106796265
0.000931978225708
0.000823020935059
0.000930070877075
0.000765085220337
0.00091290473938
0.000823020935059
0.000930070877075
0.000802993774414
0.000864028930664
0.000828981399536
0.000906944274902
0.000826120376587
0.000938177108765
0.000822782516479
0.000923871994019
0.000785112380981
0.000895023345947
0.000839948654175
0.000942945480347
0.000821113586426
0.000962972640991
0.00081205368042
0.000923871994019
0.000827074050903
0.000837087631226
0.00082802772522
0.000899076461792
0.000833034515381
0.000930070877075
0.000826120376587
0.000936031341553
0.000777006149292
0.000866174697876
0.000783920288086
0.000849962234497
0.000822067260742
0.000910043716431
0.000787019729614
0.000909805297852
0.000829935073853
0.00093412399292
0.000829935073853
0.000919103622437
0.000822067260742
0.000915050506592
0.000818014144897
0.000915050506592
0.000818014144897
0.000922918319702
0.000837087631226
0.000942945480347
0.000805139541626
0.000937938690186
0.000841856002808
0.000940084457397
0.000843048095703
0.000940084457397
0.000827074050903
0.00092887878418
0.000834226608276
0.000930070877075
0.000789880752563
0.000930070877075
0.000827789306641
0.000958919525146
0.000827074050903
0.000921964645386
0.000826120376587
0.00092887878418
0.000802993774414
0.000933885574341
0.000838041305542
0.000952959060669
0.00080394744873
0.000922203063965
0.00086498260498
0.000926971435547
0.000815153121948
0.000925064086914
0.000817775726318
0.000919103622437
0.000832080841064
0.000919103622437
0.000808954238892
0.000890970230103
0.00084400177002
0.000957012176514
0.000818014144897
0.000937938690186
0.000838041305542
0.000935077667236
0.000833988189697
0.00092887878418
0.000821828842163
0.000940084457397
0.000837087631226
0.000931978225708
0.000834941864014
0.000931978225708
0.000833034515381
0.000937938690186
0.000830173492432
0.000946998596191
0.000822067260742
0.000931024551392
0.000821113586426
0.000946044921875
0.000833988189697
0.000946044921875
0.00083589553833
0.000916004180908
0.00081992149353
0.000932216644287
0.000827789306641
0.000937938690186
0.000829935073853
0.000899076461792
0.000792026519775
0.000893831253052
0.000768184661865
0.000876188278198
0.000834941864014
0.000999927520752
0.000821113586426
0.000943183898926
0.000823974609375
0.000925779342651
0.000829935073853
0.000932931900024
0.000783920288086
0.00089693069458
0.000836849212646
0.000947952270508
0.000818014144897
0.000932931900024
0.000839948654175
0.000940084457397
0.00083589553833
0.000946998596191
0.000817060470581
0.000947952270508
0.000823974609375
0.000946998596191
0.000823020935059
0.000952959060669
0.000813961029053
0.000859022140503
0.000823020935059
0.000930070877075
0.000828981399536
0.000924825668335
0.000836133956909
0.000945091247559
0.000818967819214
0.000917911529541
0.000794887542725
0.000871181488037
0.000815153121948
0.000885963439941
0.000801086425781
0.000957012176514
0.000805854797363
0.000878095626831
0.000809907913208
0.000921964645386
0.000840902328491
0.000957012176514
0.000800848007202
0.000927925109863
0.000817060470581
0.000907897949219
0.000840187072754
0.000938892364502
0.000837802886963
0.000916957855225
0.000843048095703
0.000931978225708
0.000854969024658
0.00089693069458
0.000826835632324
0.000941038131714
0.000837087631226
0.000900983810425
0.000816822052002
0.000932931900024
0.000792980194092
0.000903129577637
0.000828981399536
0.000933885574341
0.000777006149292
0.000891923904419
0.000833988189697
0.000915050506592
0.00081992149353
0.000901937484741
0.000818014144897
0.00092887878418
0.000833988189697
0.00092887878418
0.000816822052002
0.000926971435547
0.000831842422485
0.00094199180603
0.000779867172241
0.000888824462891
0.000826120376587
0.000878810882568
0.000837087631226
0.000926971435547
0.000821113586426
0.000931978225708
0.000781059265137
0.000925779342651
0.000818014144897
0.000936031341553
0.000776052474976
0.000929117202759
0.00082802772522
0.000936985015869
0.000817060470581
0.00097393989563
0.000826835632324
0.000955104827881
0.000826120376587
0.000941038131714
0.000814914703369
0.000894069671631
0.000828981399536
0.000961065292358
0.000832080841064
0.000955104827881
0.00082802772522
0.00094199180603
0.000822067260742
0.000937938690186
0.000826835632324
0.000924110412598
0.000783920288086
0.000916957855225
0.000824928283691
0.000926971435547
0.000821828842163
0.00091290473938
0.000827074050903
0.00094199180603
0.000890970230103
0.000953197479248
0.000838994979858
0.000879049301147
0.000815153121948
0.000982999801636
0.000821113586426
0.000947952270508
0.000828981399536
0.000967979431152
0.000820875167847
0.000910997390747
0.000829935073853
0.000940084457397
0.00081205368042
0.000941038131714
0.000810861587524
0.000962972640991
0.000828981399536
0.000947952270508
0.000832796096802
0.000924110412598
0.000833034515381
0.000952005386353
0.000826120376587
0.000913143157959
0.000811100006104
0.000917196273804
0.000811815261841
0.000915050506592
0.000824928283691
0.000961065292358
0.000824928283691
0.000936985015869
0.000833988189697
0.000977993011475
0.000823974609375
0.000942945480347
0.000834941864014
0.00091814994812
0.000834941864014
0.000946998596191
0.000787019729614
0.000898838043213
0.000830888748169
0.000907897949219
0.000830173492432
0.000920057296753
0.000832080841064
0.000935077667236
0.000849008560181
0.000885009765625
0.000843048095703
0.000924110412598
0.000823020935059
0.000910997390747
0.000827074050903
0.000885963439941
0.00082802772522
0.000892877578735
0.000794172286987
0.000933885574341
0.000818967819214
0.000872850418091
0.000833988189697
0.000917911529541
0.000806093215942
0.000893115997314
0.000833988189697
0.00095796585083
0.000828981399536
0.000922203063965
0.000833988189697
0.000947952270508
0.000839948654175
0.000901937484741
0.000836133956909
0.00091814994812
0.00081992149353
0.000945806503296
0.000837087631226
0.000931978225708
0.000808000564575
0.000908851623535
0.00079607963562
0.000861883163452
0.000817060470581
0.000934839248657
0.00083589553833
0.000953197479248
0.000833034515381
0.000928163528442
0.000823974609375
0.000901937484741
0.000826120376587
0.00092887878418
0.000819206237793
0.000883102416992
0.000821828842163
0.000911951065063
0.000832080841064
0.000922918319702
0.000805854797363
0.000921964645386
0.000825881958008
0.000932931900024
0.000843048095703
0.000911951065063
0.000810861587524
0.000925064086914
0.000834941864014
0.000947952270508
0.000828981399536
0.000939130783081
0.000815153121948
0.000936985015869
0.000823020935059
0.000924110412598
0.000827074050903
0.000993013381958
0.000824928283691
0.000935077667236
0.000826835632324
0.000926971435547
0.000844955444336
0.000929832458496
0.00082802772522
0.000875949859619
0.000815153121948
0.000938177108765
0.000817060470581
0.00094199180603
0.000787973403931
0.000875949859619
0.000832080841064
0.000932216644287
0.000810861587524
0.000938892364502
0.000811815261841
0.000932931900024
0.000823974609375
0.000931024551392
0.000818967819214
0.000932931900024
0.000813007354736
0.00101208686829
0.000832796096802
0.000911951065063
0.000778913497925
0.000885009765625
0.000815153121948
0.000953197479248
0.000834941864014
0.000932931900024
0.000825881958008
0.000937938690186
0.000826835632324
0.000947952270508
0.000820159912109
0.000922918319702
0.000831842422485
0.000913143157959
0.000834941864014
0.000932931900024
0.000833988189697
0.000925064086914
0.000838994979858
0.000858068466187
0.000823974609375
0.000907897949219
0.000811100006104
0.00092601776123
0.000838041305542
0.00092601776123
0.000818967819214
0.000919103622437
0.000843048095703
0.000929117202759
0.000821113586426
0.000937938690186
0.000823974609375
0.00094199180603
0.000826835632324
0.000937938690186
0.00082802772522
0.000922203063965
0.000820159912109
0.000922918319702
0.000829935073853
0.000924825668335
0.000822067260742
0.000923871994019
0.000826120376587
0.000952959060669
0.000818967819214
0.000927925109863
0.000839948654175
0.000904083251953
0.000818967819214
0.000944137573242
0.000818014144897
0.000935077667236
0.000849008560181
0.000958919525146
0.000831842422485
0.000930786132812
0.000787973403931
0.000881910324097
0.000771999359131
0.00089693069458
0.000820159912109
0.000898122787476
0.000832796096802
0.000917911529541
0.00082802772522
0.000897884368896
0.000862121582031
0.000885963439941
0.000825166702271
0.00096607208252
0.000827074050903
0.000916957855225
0.000773191452026
0.000909090042114
0.000827074050903
0.00092601776123
0.000831127166748
0.000913143157959
0.000840187072754
0.000955104827881
0.000822067260742
0.000911951065063
0.00082802772522
0.000905990600586
0.000809907913208
0.000910997390747
0.000813007354736
0.000940084457397
0.000836133956909
0.000909090042114
0.000783920288086
0.000900030136108
0.000813961029053
0.000998973846436
0.00083589553833
0.000931024551392
0.000813961029053
0.000931978225708
0.00081992149353
0.000936031341553
0.000811815261841
0.000869035720825
0.000805854797363
0.000937938690186
0.00081992149353
0.000946998596191
0.000822067260742
0.000928163528442
0.000831842422485
0.000940799713135
0.000775098800659
0.000959873199463
0.000820875167847
0.000921964645386
0.000823020935059
0.000932931900024
0.00082802772522
0.000951051712036
0.000801086425781
0.000937938690186
0.000823974609375
0.000970840454102
0.00078296661377
0.00090217590332
0.000831127166748
0.000962018966675
0.00078296661377
0.000866174697876
0.00081992149353
0.000935077667236
0.000823974609375
0.000916957855225
0.000821113586426
0.000946998596191
0.00084400177002
0.000954866409302
0.000831842422485
0.000946998596191
0.000813007354736
0.000915050506592
0.000820875167847
0.00098705291748
0.00081992149353
0.000935792922974
0.000833034515381
0.000947952270508
0.000824928283691
0.000933170318604
0.000769138336182
0.00092601776123
0.000830888748169
0.000951051712036
0.00078296661377
0.00092601776123
0.000832080841064
0.000961065292358
0.000802040100098
0.000951051712036
0.000841856002808
0.000938892364502
0.000808954238892
0.000937938690186
0.000827074050903
0.000931978225708
0.000818967819214
0.000952959060669
0.000831127166748
0.000935077667236
0.000816822052002
0.000878810882568
0.00082802772522
0.000936031341553
0.00082802772522
0.000940084457397
0.000828981399536
0.000941038131714
0.000844955444336
0.00093412399292
0.000813007354736
0.000930070877075
0.000827074050903
0.000919103622437
0.000818967819214
0.000956058502197
0.000830173492432
0.000971078872681
0.000828981399536
0.000929117202759
0.000787019729614
0.000933885574341
0.000822067260742
0.000938892364502
0.000814914703369
0.000924110412598
0.000838994979858
0.000945091247559
0.000816822052002
0.000892877578735
0.000829935073853
0.000931978225708
0.000825166702271
0.000946998596191
0.000815868377686
0.000938892364502
0.000797033309937
0.000950813293457
0.000831127166748
0.000938892364502
0.000802040100098
0.000905990600586
0.000787019729614
0.000885009765625
0.000828981399536
0.000929832458496
0.000823020935059
0.000959873199463
0.00082802772522
0.000940084457397
0.000823020935059
0.000880002975464
0.000826120376587
0.000939846038818
0.000825881958008
0.000952959060669
0.000818967819214
0.000962018966675
0.000830888748169
0.000939130783081
0.000821113586426
0.000923871994019
0.000811100006104
0.000916004180908
0.000827074050903
0.000972032546997
0.000791072845459
0.000876188278198
0.000826120376587
0.000936031341553
0.000818014144897
0.000960111618042
0.000831127166748
0.000936985015869
0.00080394744873
0.000879049301147
0.000817775726318
0.000878810882568
0.000830173492432
0.000978946685791
0.000822067260742
0.00093412399292
0.00078010559082
0.000869035720825
0.000823974609375
0.000877857208252
0.000823020935059
0.000929117202759
0.000827074050903
0.000962018966675
0.000840187072754
0.000946998596191
0.000808000564575
0.00087308883667
0.00083589553833
0.000964879989624
0.000823974609375
0.000921964645386
0.000828981399536
0.000988960266113
0.000807046890259
0.000932931900024
0.000832080841064
0.000910997390747
0.000836849212646
0.000927209854126
0.000782012939453
0.000931024551392
0.000786066055298
0.000872850418091
0.000823020935059
0.000958919525146
0.000823974609375
0.000972986221313
0.000829935073853
0.000923156738281
0.000820159912109
0.000945091247559
0.000794887542725
0.000886917114258
0.000823020935059
0.000933885574341
0.000854015350342
0.000937223434448
0.000834941864014
0.00094199180603
0.000830173492432
0.000956058502197
0.000824928283691
0.000946998596191
0.000815868377686
0.000952005386353
0.000832796096802
0.00095009803772
0.000833034515381
0.000936985015869
0.000811100006104
0.000875949859619
0.000833034515381
0.000935792922974
0.000844955444336
0.000944852828979
0.000843048095703
0.000982999801636
0.000818014144897
0.000943899154663
0.000820875167847
0.000913858413696
0.000826835632324
0.000894784927368
0.00082802772522
0.000955104827881
0.000791072845459
0.000846862792969
0.000825166702271
0.000955820083618
0.000823974609375
0.000931978225708
0.000785827636719
0.000897169113159
0.000829935073853
0.000921010971069
0.000837087631226
0.000931978225708
0.000840902328491
0.000905990600586
0.000828981399536
0.000910997390747
0.00080394744873
0.000932931900024
0.000807046890259
0.000916957855225
0.000795841217041
0.000849008560181
0.000828981399536
0.000894069671631
0.000827074050903
0.000894069671631
0.000778913497925
0.000915050506592
0.00081992149353
0.000912189483643
0.000818967819214
0.000921964645386
0.000824928283691
0.000908136367798
0.000814199447632
0.000931978225708
0.000822067260742
0.000910997390747
0.000802993774414
0.000935077667236
0.00081205368042
0.000871896743774
0.00082802772522
0.000921964645386
0.000823974609375
0.000913858413696
0.00083589553833
0.000928163528442
0.000818014144897
0.000947952270508
0.000787973403931
0.000931978225708
0.000825881958008
0.000921010971069
0.000837087631226
0.000932931900024
0.000831127166748
0.000937938690186
0.000821113586426
0.000917911529541
0.000828981399536
0.000946044921875
0.000826120376587
0.000908136367798
0.00078296661377
0.000869989395142
0.000787973403931
0.000872135162354
0.000804901123047
0.000878095626831
0.000823974609375
0.000918865203857
0.000824928283691
0.000926971435547
0.000808000564575
0.000936031341553
0.000836133956909
0.000928163528442
0.00082802772522
0.000930070877075
0.000838994979858
0.000921964645386
0.000838994979858
0.000877857208252
0.000818014144897
0.000933885574341
0.000840902328491
0.000940084457397
0.000824928283691
0.00095796585083
0.000824928283691
0.000924110412598
0.000828981399536
0.000932931900024
0.000838041305542
0.00093412399292
0.000793933868408
0.000874996185303
0.000823974609375
0.000927925109863
0.000808000564575
0.000931978225708
0.00082802772522
0.000892877578735
0.000813007354736
0.000948905944824
0.000815868377686
0.000933170318604
0.000781059265137
0.000910997390747
0.000839948654175
0.00093412399292
0.000843048095703
0.000932931900024
0.000830888748169
0.00093412399292
0.000828981399536
0.000935077667236
0.000833988189697
0.000923871994019
0.000827074050903
0.000945091247559
0.000824928283691
0.000921010971069
0.000809907913208
0.000923871994019
0.000825881958008
0.000926971435547
0.000804901123047
0.000913858413696
0.000799179077148
0.00093412399292
0.000838041305542
0.000907897949219
0.00082802772522
0.000931024551392
0.000775098800659
0.000879049301147
0.000831127166748
0.00090503692627
0.000796794891357
0.000859975814819
0.000822067260742
0.000929117202759
0.000827074050903
0.000854015350342
0.000839948654175
0.000914812088013
0.000830888748169
0.000947952270508
0.000797033309937
0.00086498260498
0.000828981399536
0.000898122787476
0.000836849212646
0.00095796585083
0.000816106796265
0.000946044921875
0.000831842422485
0.000906944274902
0.000796794891357
0.000841856002808
0.000832080841064
0.000933885574341
0.000829935073853
0.000921010971069
0.000824928283691
0.000914096832275
0.000828981399536
0.000930070877075
0.000822067260742
0.000910997390747
0.000785112380981
0.000863075256348
0.00082802772522
0.000916957855225
0.000830888748169
0.000948905944824
0.000824928283691
0.000931978225708
0.000844955444336
0.000916957855225
0.000829935073853
0.000929832458496
0.000789880752563
0.000872850418091
0.000798940658569
0.00092601776123
0.000833988189697
0.000923156738281
0.000841856002808
0.000862121582031
0.000848054885864
0.000866174697876
0.000825166702271
0.000935077667236
0.000832080841064
0.000916004180908
0.000840187072754
0.000933170318604
0.000818967819214
0.000916957855225
0.000837087631226
0.000935077667236
0.000825881958008
0.000965118408203
0.00080418586731
0.000888824462891
0.000819206237793
0.000935077667236
0.000833034515381
0.00097393989563
0.000799179077148
0.000914096832275
0.00082802772522
0.000937938690186
0.000831127166748
0.000921010971069
0.000825881958008
0.000932931900024
0.000827074050903
0.000924825668335
0.000813961029053
0.000914812088013
0.000822067260742
0.000917911529541
0.000838041305542
0.000937938690186
0.000837802886963
0.000924825668335
0.000823974609375
0.000931978225708
0.000832080841064
0.000904083251953
0.000810146331787
0.000971078872681
0.000836133956909
0.000953912734985
0.000778913497925
0.000875949859619
0.000824928283691
0.000929832458496
0.000784873962402
0.000925064086914
0.000809907913208
0.000874042510986
0.000828981399536
0.000937938690186
0.000834941864014
0.000922918319702
0.000818014144897
0.000935077667236
0.000834941864014
0.000935077667236
0.000833034515381
0.000948905944824
0.000821113586426
0.000868082046509
0.000833034515381
0.000931024551392
0.000826835632324
0.000944852828979
0.00078296661377
0.00092601776123
0.000828981399536
0.000949144363403
0.000833988189697
0.000945806503296
0.000829935073853
0.000951051712036
0.000822067260742
0.000926971435547
0.000784873962402
0.000877857208252
0.000818014144897
0.000917911529541
0.000827074050903
0.000926971435547
0.000788927078247
0.000922918319702
0.000822067260742
0.000903129577637
0.000824928283691
0.000915050506592
0.000816822052002
0.00088906288147
0.000770092010498
0.000933170318604
0.000791072845459
0.000902891159058
0.000832080841064
0.000932931900024
0.00078010559082
0.000846147537231
0.000785112380981
0.000854969024658
0.00081992149353
0.000921964645386
0.00083589553833
0.000923871994019
0.000820159912109
0.000901222229004
0.00078296661377
0.000925064086914
0.000823974609375
0.000905990600586
0.000828981399536
0.000927925109863
0.000825881958008
0.000925064086914
0.000809907913208
0.00091290473938
0.000830173492432
0.000926971435547
0.000798940658569
0.000885963439941
0.000782012939453
0.000877857208252
0.000789880752563
0.000830173492432
0.000833034515381
0.000856876373291
0.000788927078247
0.00747299194336
0.000771045684814
0.000911951065063
0.000806093215942
0.000898122787476
0.00082802772522
0.00090503692627
0.000807046890259
0.000897169113159
0.000818014144897
0.000910043716431
0.000791072845459
0.000868082046509
0.00082802772522
0.000913858413696
0.000808954238892
0.000906944274902
0.000834941864014
0.000875949859619
0.000786066055298
0.000858068466187
0.000819206237793
0.000941038131714
0.000821113586426
0.000925064086914
0.000781059265137
0.000882148742676
0.000871896743774
0.000880002975464
0.000859022140503
0.000877141952515
0.000821113586426
0.000906944274902
0.00082802772522
0.00091290473938
0.000809192657471
0.000916957855225
0.000813961029053
0.000921010971069
0.000813007354736
0.000923871994019
0.000818014144897
0.000936031341553
0.000818014144897
0.00095796585083
0.000809192657471
0.000910997390747
0.000780820846558
0.000868082046509
0.000805854797363
0.000958919525146
0.000811100006104
0.000919103622437
0.000821828842163
0.00092601776123
0.000813961029053
0.000921010971069
0.000828981399536
0.000920057296753
0.000814914703369
0.000916957855225
0.00081992149353
0.000910043716431
0.000781059265137
0.000965118408203
0.000817060470581
0.000894784927368
0.000822067260742
0.000912189483643
0.000773906707764
0.000931978225708
0.000800132751465
0.00087308883667
0.000799894332886
0.000897169113159
0.000829935073853
0.000900983810425
0.000798940658569
0.000901937484741
0.00082802772522
0.000913858413696
0.000808000564575
0.000917911529541
0.000836849212646
0.000909090042114
0.000808954238892
0.000911951065063
0.000836849212646
0.000871181488037
0.000784873962402
0.000894069671631
0.000775814056396
0.000905990600586
0.000777006149292
0.00089693069458
0.000802993774414
0.00089693069458
0.000817060470581
0.000903129577637
0.000806093215942
0.000939846038818
0.000820875167847
0.000909090042114
0.000836133956909
0.000898122787476
0.000813961029053
0.000968933105469
0.000805854797363
0.00091814994812
0.000802040100098
0.000906944274902
0.000776052474976
0.00086784362793
0.000804901123047
0.000901222229004
0.000821113586426
0.000906944274902
0.000808954238892
0.000906944274902
0.000821113586426
0.000908136367798
0.000818014144897
0.000892877578735
0.000771045684814
0.00082802772522
0.000818967819214
0.00091290473938
0.000823974609375
0.000909090042114
0.000813961029053
0.000924825668335
0.00082802772522
0.000920057296753
0.000801086425781
0.000913143157959
0.000767946243286
0.000913143157959
0.000809907913208
0.00090503692627
0.000811100006104
0.000929832458496
0.000825881958008
0.000916004180908
0.000804901123047
0.00092887878418
0.000813007354736
0.000890016555786
0.000814914703369
0.000909805297852
0.00084114074707
0.000920057296753
0.000785112380981
0.000872135162354
0.000767946243286
0.00087308883667
0.000811100006104
0.000910043716431
0.000805139541626
0.000911951065063
0.000816822052002
0.000927925109863
0.00082802772522
0.000918865203857
0.000825881958008
0.000902891159058
0.000813961029053
0.000916957855225
0.000826835632324
0.000892162322998
0.000813961029053
0.000919103622437
0.000788927078247
0.000906944274902
0.000815868377686
0.000916004180908
0.000814914703369
0.000901937484741
0.000807046890259
0.000910043716431
0.000806093215942
0.000898122787476
0.000807046890259
0.00094199180603
0.00081205368042
0.000911951065063
0.000802993774414
0.000884056091309
0.000815153121948
0.000908851623535
0.000811100006104
0.000919818878174
0.000820875167847
0.000914812088013
0.000823974609375
0.000923156738281
0.000813961029053
0.000943899154663
0.000813007354736
0.000919103622437
0.000800848007202
0.000905990600586
0.000813961029053
0.000910997390747
0.000818014144897
0.000923156738281
0.000831842422485
0.00090217590332
0.000822067260742
0.000929832458496
0.000809192657471
0.000910043716431
0.000817060470581
0.000929117202759
0.000823974609375
0.000916957855225
0.000818014144897
0.000904083251953
0.000810146331787
0.000961065292358
0.000780820846558
0.000908136367798
0.000813961029053
0.000922918319702
0.000839948654175
0.000884056091309
0.000808954238892
0.000938892364502
0.000834941864014
0.000925064086914
0.000808000564575
0.000915050506592
0.00081992149353
0.000910997390747
0.000816822052002
0.000910997390747
0.000808954238892
0.000898122787476
0.000818967819214
0.000936031341553
0.000802040100098
0.000932931900024
0.00081205368042
0.000897884368896
0.000831842422485
0.000955104827881
0.000772953033447
0.000874996185303
0.000816106796265
0.000878810882568
0.000782012939453
0.000833034515381
0.000768899917603
0.000875949859619
0.000816106796265
0.000917911529541
0.000813007354736
0.000859975814819
0.000825166702271
0.000906944274902
0.000802993774414
0.000915050506592
0.000828981399536
0.000916957855225
0.00080394744873
0.000902891159058
0.000824928283691
0.000895023345947
0.000818014144897
0.00089693069458
0.000819206237793
0.000950813293457
0.000825166702271
0.000907897949219
0.000841856002808
0.000911951065063
0.000829935073853
0.000903844833374
0.00080394744873
0.000898122787476
0.000814914703369
0.000930070877075
0.000764131546021
0.00090217590332
0.000808954238892
0.000904083251953
0.000822067260742
0.000900030136108
0.000777006149292
0.00090503692627
0.000792980194092
0.000921010971069
0.00081992149353
0.000895977020264
0.000771999359131
0.000870943069458
0.000818014144897
0.000940084457397
0.000821113586426
0.000956058502197
0.000797986984253
0.000922918319702
0.00081205368042
0.000927925109863
0.000813007354736
0.000934839248657
0.000818967819214
0.000917196273804
0.000824928283691
0.000940084457397
0.000782012939453
0.000914096832275
0.000818014144897
0.000936985015869
0.000813961029053
0.000938177108765
0.000792026519775
0.000847101211548
0.000816106796265
0.000905990600586
0.000825881958008
0.000921010971069
0.000813961029053
0.000913858413696
0.00084400177002
0.000943899154663
0.000793933868408
0.000907897949219
0.000825166702271
0.000942945480347
0.00080680847168
0.000909090042114
0.000823020935059
0.000878095626831
0.00080394744873
0.000928163528442
0.000815153121948
0.000894069671631
0.000802040100098
0.000931978225708
0.000810861587524
0.000910997390747
0.000810861587524
0.00090503692627
0.000813961029053
0.000910043716431
0.00080418586731
0.000943183898926
0.000819206237793
0.000949144363403
0.000802993774414
0.00088906288147
0.000813007354736
0.000914096832275
0.000808000564575
0.000895023345947
0.000818014144897
0.000893115997314
0.000807046890259
0.000939130783081
0.000813007354736
0.000905990600586
0.000799179077148
0.00089693069458
0.000802993774414
0.000852823257446
0.000799894332886
0.00090503692627
0.000771999359131
0.000900030136108
0.000835180282593
0.000923156738281
0.000792026519775
0.000900983810425
0.000818014144897
0.000921964645386
0.00081992149353
0.000903844833374
0.000802040100098
0.000921010971069
0.00078296661377
0.00088095664978
0.00082802772522
0.000948905944824
0.000823020935059
0.000932931900024
0.000770092010498
0.000862121582031
0.000808954238892
0.000906944274902
0.000802993774414
0.000918865203857
0.00081205368042
0.000925779342651
0.000823020935059
0.000853061676025
0.000808000564575
0.000906944274902
0.000802993774414
0.000901937484741
0.000785112380981
0.000916957855225
0.000805139541626
0.00091814994812
0.000820875167847
0.00092887878418
0.000821828842163
0.000910043716431
0.000806093215942
0.000919818878174
0.000777006149292
0.000906944274902
0.000763893127441
0.000870943069458
0.000820875167847
0.000945091247559
0.000822067260742
0.000913858413696
0.000793933868408
0.000940084457397
0.000809907913208
0.000915050506592
0.000799894332886
0.000901937484741
0.000817060470581
0.000912189483643
0.000804901123047
0.00092601776123
0.000826120376587
0.000942945480347
0.00082802772522
0.000963926315308
0.000808954238892
0.000890016555786
0.000787973403931
0.000932931900024
0.000802040100098
0.000900983810425
0.000820875167847
0.000883102416992
0.000813007354736
0.00090479850769
0.00081205368042
0.000938892364502
0.000821113586426
0.000906944274902
0.000808000564575
0.000876903533936
0.00081205368042
0.000947952270508
0.000821113586426
0.000916957855225
0.000818967819214
0.000906944274902
0.000814914703369
0.00089693069458
0.000825881958008
0.000923156738281
0.000821828842163
0.000923156738281
0.000827074050903
0.000905990600586
0.000823974609375
0.000895977020264
0.000820875167847
0.000906944274902
0.000818967819214
0.000929117202759
0.000823974609375
0.00101208686829
0.00081205368042
0.000933885574341
0.000815153121948
0.000905990600586
0.000814914703369
0.000897169113159
0.000787973403931
0.000856876373291
0.000802040100098
0.000908851623535
0.000818014144897
0.000875949859619
0.000785112380981
0.000901937484741
0.000834941864014
0.000868082046509
0.00080418586731
0.00092601776123
0.000818967819214
0.000906944274902
0.000811100006104
0.000918865203857
0.000818014144897
0.000919103622437
0.000818967819214
0.000890970230103
0.000807046890259
0.00085186958313
0.000813007354736
0.000927925109863
0.000772953033447
0.00091814994812
0.000828981399536
0.000944137573242
0.000817060470581
0.000922918319702
0.000823974609375
0.000943899154663
0.000818967819214
0.00088906288147
0.000777959823608
0.000891208648682
0.000795841217041
0.000902891159058
0.000820875167847
0.000900983810425
0.000801801681519
0.000931024551392
0.000814914703369
0.000915050506592
0.000810146331787
0.000918865203857
0.000816106796265
0.000921964645386
0.000778913497925
0.00089693069458
0.000818967819214
0.00091290473938
0.00081992149353
0.000962018966675
0.000821113586426
0.000935077667236
0.000807046890259
0.000900983810425
0.000823974609375
0.000901937484741
0.000806093215942
0.000959157943726
0.000816106796265
0.000921010971069
0.000815868377686
0.000898122787476
0.000820875167847
0.000930070877075
0.000817060470581
0.000914096832275
0.000813961029053
0.000948905944824
0.000781059265137
0.000883817672729
0.000823974609375
0.000964879989624
0.000800848007202
0.000926971435547
0.000807046890259
0.000916004180908
0.000835180282593
0.000927925109863
0.000817060470581
0.000915050506592
0.000821113586426
0.000910997390747
0.000811100006104
0.000933885574341
0.000779867172241
0.000911951065063
0.000787973403931
0.000868082046509
0.000798940658569
0.000927925109863
0.000761985778809
0.000861883163452
0.00083589553833
0.000908851623535
0.000810861587524
0.000913143157959
0.000829935073853
0.000931978225708
0.000820159912109
0.00095796585083
0.000822067260742
0.000904083251953
0.000817060470581
0.000898838043213
0.000798940658569
0.000904083251953
0.000818967819214
0.00090503692627
0.000838994979858
0.000915050506592
0.000807046890259
0.000923156738281
0.000832080841064
0.000895023345947
0.000816106796265
0.000898122787476
0.000777959823608
0.000828981399536
0.000818014144897
0.000894069671631
0.000838041305542
0.00092601776123
0.000802040100098
0.000886201858521
0.000818014144897
0.000916957855225
0.000814199447632
0.000844955444336
0.000769853591919
0.000901222229004
0.00082802772522
0.000895023345947
0.000765085220337
0.000895977020264
0.000820159912109
0.000900983810425
0.000813961029053
0.000905990600586
0.00082802772522
0.000913143157959
0.000818014144897
0.000923871994019
0.000777006149292
0.000850915908813
0.000823974609375
0.00090503692627
0.000808000564575
0.000977039337158
0.000822067260742
0.00092077255249
0.000805854797363
0.000910043716431
0.000813961029053
0.000897884368896
0.00078010559082
0.000855922698975
0.000811815261841
0.000885009765625
0.000813007354736
0.000921010971069
0.000813007354736
0.00090479850769
0.000814914703369
0.000850915908813
0.000818014144897
0.00091290473938
0.000810861587524
0.000937938690186
0.000823974609375
0.000919818878174
0.000785112380981
0.000916957855225
0.000813961029053
0.000953912734985
0.000813961029053
0.00089693069458
0.000820875167847
0.000937938690186
0.000813961029053
0.000940084457397
0.000814199447632
0.000895023345947
0.000804901123047
0.000924110412598
0.000780820846558
0.000849962234497
0.000817060470581
0.000900983810425
0.000815153121948
0.000908136367798
0.000821828842163
0.000932216644287
0.000821828842163
0.000900983810425
0.000823974609375
0.000919103622437
0.000830173492432
0.00095796585083
0.000813961029053
0.00095009803772
0.000814914703369
0.000880002975464
0.000813961029053
0.000898122787476
0.000822067260742
0.000874996185303
0.00081205368042
0.000904083251953
0.000810861587524
0.000917196273804
0.00084400177002
0.000929832458496
0.000814914703369
0.000894069671631
0.000801086425781
0.00089693069458
0.000815153121948
0.000900983810425
0.000825881958008
0.000950813293457
0.000820875167847
0.000919818878174
0.000804901123047
0.000944137573242
0.000838041305542
0.000854015350342
0.000822067260742
0.000909805297852
0.000817060470581
0.000911951065063
0.000805139541626
0.000901937484741
0.000813961029053
0.000900983810425
0.00081205368042
0.000916004180908
0.000787019729614
0.000900983810425
0.000820875167847
0.000919103622437
0.000818014144897
0.000943899154663
0.000815868377686
0.000921964645386
0.000809907913208
0.000876903533936
0.000809907913208
0.000908851623535
0.00080680847168
0.000913858413696
0.000816106796265
0.000921010971069
0.000809907913208
0.000919818878174
0.000822067260742
0.000972032546997
0.000802040100098
0.00091290473938
0.000833988189697
0.00087308883667
0.000818014144897
0.000921964645386
0.00089693069458
0.000953912734985
0.00083589553833
0.000954866409302
0.000797033309937
0.000921964645386
0.000811100006104
0.00091814994812
0.000815153121948
0.000932931900024
0.000821113586426
0.00093412399292
0.000807046890259
0.000923156738281
0.000818014144897
0.000927925109863
0.000779151916504
0.000899076461792
0.000837087631226
0.000923156738281
0.000771999359131
0.000842809677124
0.000804901123047
0.000884056091309
0.000777006149292
0.000909090042114
0.000820159912109
0.000916004180908
0.000816106796265
0.000924825668335
0.000838041305542
0.000863075256348
0.000813007354736
0.000905990600586
0.000810146331787
0.000922918319702
0.000814914703369
0.000934839248657
0.000814914703369
0.000916957855225
0.000823974609375
0.000910997390747
0.000799894332886
0.000943183898926
0.000823974609375
0.00087308883667
0.000816822052002
0.000932931900024
0.000811100006104
0.000921010971069
0.000816106796265
0.000925064086914
0.000798940658569
0.000917911529541
0.000830888748169
0.000922918319702
0.000818967819214
0.000917196273804
0.00081205368042
0.000927925109863
0.000805139541626
0.000908136367798
0.000833988189697
0.000919818878174
0.000809907913208
0.000890016555786
0.000808954238892
0.000919818878174
0.000823974609375
0.000929117202759
0.000815868377686
0.000925064086914
0.000820159912109
0.000958919525146
0.000805854797363
0.000900030136108
0.00081992149353
0.000894069671631
0.000827074050903
0.000953912734985
0.000822067260742
0.000910043716431
0.00081992149353
0.000900030136108
0.000820875167847
0.000900983810425
0.00079607963562
0.000887155532837
0.000807046890259
0.000885009765625
0.000818967819214
0.000910043716431
0.00081992149353
0.000917911529541
0.000893115997314
0.000900030136108
0.000818014144897
0.000899076461792
0.000777006149292
0.000880002975464
0.000816822052002
0.000946998596191
0.000790119171143
0.000849008560181
0.000818967819214
0.000910997390747
0.000812768936157
0.000910043716431
0.000818967819214
0.000951051712036
0.000823974609375
0.00088095664978
0.000805139541626
0.000900983810425
0.000787973403931
0.000859022140503
0.000809192657471
0.000901937484741
0.000823974609375
0.000904083251953
0.000814199447632
0.000886917114258
0.000797986984253
0.000906944274902
0.000824928283691
0.000851154327393
0.000811100006104
0.000879049301147
0.000813961029053
0.000899076461792
0.000801086425781
0.000903844833374
0.000816106796265
0.00095796585083
0.000852108001709
0.000962018966675
0.000838041305542
0.000861883163452
0.000823974609375
0.000907897949219
0.000807046890259
0.000909805297852
0.000821828842163
0.000927925109863
0.000776052474976
0.000865936279297
0.000834941864014
0.000923156738281
0.000813961029053
0.000952959060669
0.000813007354736
0.000894069671631
0.000820875167847
0.000920057296753
0.000776052474976
0.000920057296753
0.000821828842163
0.000902891159058
0.000846147537231
0.000917196273804
0.000823020935059
0.000949859619141
0.00081205368042
0.00091814994812
0.000784873962402
0.000907182693481
0.000834941864014
0.000874996185303
0.000816106796265
0.000907182693481
0.000823020935059
0.000951051712036
0.000811100006104
0.000933885574341
0.000833988189697
0.00092601776123
0.000806093215942
0.000916957855225
0.000833988189697
0.000915050506592
0.000804901123047
0.000864028930664
0.000836133956909
0.000914096832275
0.000818967819214
0.000928163528442
0.000822067260742
0.000922918319702
0.000834941864014
0.000908136367798
0.00083589553833
0.000914096832275
0.000828981399536
0.000907182693481
0.000810861587524
0.000883817672729
0.000797986984253
0.000910043716431
0.000820159912109
0.000927209854126
0.00078010559082
0.000901937484741
0.00083589553833
0.000949144363403
0.000826120376587
0.000921964645386
0.000836849212646
0.000914096832275
0.000815868377686
0.000913858413696
0.000822067260742
0.000906944274902
0.000828981399536
0.000938892364502
0.000825881958008
0.000913858413696
0.000830173492432
0.000919818878174
0.000833034515381
0.00092601776123
0.000820159912109
0.000914812088013
0.000848054885864
0.000970125198364
0.000802993774414
0.000904083251953
0.000836133956909
0.000921964645386
0.000826120376587
0.00090503692627
0.000833034515381
0.000936031341553
0.000833988189697
0.000910997390747
0.000815153121948
0.000916004180908
0.000829935073853
0.00091290473938
0.000814914703369
0.000911951065063
0.000808000564575
0.000907182693481
0.000778913497925
0.000891923904419
0.000837087631226
0.000960111618042
0.000816822052002
0.000936985015869
0.000827074050903
0.000893115997314
0.000814914703369
0.00091814994812
0.000831127166748
0.000921964645386
0.000773906707764
0.000924110412598
0.000792026519775
0.000921010971069
0.000811100006104
0.000929117202759
0.000838041305542
0.000909090042114
0.000818967819214
0.00092887878418
0.00084400177002
0.000921010971069
0.000818014144897
0.000923156738281
0.000830888748169
0.000888109207153
0.000827074050903
0.000969886779785
0.000813961029053
0.000936985015869
0.000833988189697
0.000916004180908
0.000821828842163
0.000933885574341
0.00083589553833
0.000925064086914
0.000838041305542
0.000927925109863
0.000823020935059
0.000930070877075
0.000838994979858
0.000943899154663
0.000802040100098
0.000958919525146
0.00083589553833
0.000921010971069
0.000823020935059
0.000944137573242
0.00084400177002
0.000946044921875
0.000823020935059
0.000945091247559
0.000825881958008
0.000937938690186
0.000825881958008
0.000915050506592
0.000794887542725
0.000870943069458
0.000830173492432
0.000915050506592
0.000789880752563
0.000916957855225
0.000821828842163
0.000914096832275
0.000832080841064
0.000933170318604
0.000829935073853
0.000918865203857
0.000828981399536
0.000923871994019
0.000825881958008
0.000926971435547
0.000827074050903
0.000967979431152
0.000811100006104
0.00090503692627
0.000823020935059
0.000914096832275
0.000824928283691
0.000908851623535
0.000833034515381
0.000959873199463
0.000822067260742
0.000905990600586
0.000829935073853
0.000856876373291
0.000810146331787
0.000943899154663
0.000818014144897
0.000939130783081
0.000828981399536
0.000934839248657
0.00082802772522
0.000936985015869
0.000815153121948
0.00092601776123
0.000822067260742
0.000932931900024
0.000823020935059
0.000912189483643
0.000829935073853
0.000899076461792
0.000834941864014
0.000937938690186
0.000824928283691
0.000938177108765
0.000826835632324
0.000960826873779
0.00082802772522
0.000916004180908
0.000834941864014
0.000946044921875
0.000836133956909
0.000918865203857
0.000816822052002
0.000932931900024
0.000825881958008
0.000936985015869
0.000816822052002
0.000934839248657
0.000823974609375
0.000926971435547
0.00084114074707
0.000916957855225
0.000811100006104
0.000935077667236
0.000823020935059
0.000968933105469
0.000823974609375
0.000921010971069
0.000826120376587
0.000940084457397
0.000802040100098