4.569999987324991e-06
5.103000034978322e-06
5.877000035070523e-06
5.706000024474633e-06
5.619999910777551e-06
5.897000050936185e-06
7.43299995065172e-06
6.155000050966919e-06
5.521999923985277e-06
7.954000011523021e-06
4.799000180355506e-06
5.422999947768403e-06
5.8880000324279536e-06
8.615999831818044e-06
4.851000085182022e-06
5.808999958389904e-06
7.715999799984274e-06
5.180999778531259e-06
6.538999969052384e-06
9.568000223225681e-06
5.8939999689755496e-06
7.5960001595376525e-06
5.963999683444854e-06
5.778000286227325e-06
7.1859999479784165e-06
5.978999979561195e-06
5.0079997890861705e-06
5.844000042998232e-06
5.694000265066279e-06
2.9689999792026356e-06
4.999000339012127e-06
5.658000191033352e-06
4.526999873633031e-06
4.330000137997558e-06
7.217000074888347e-06
7.6139999691804405e-06
5.543000042962376e-06
2.5630001800891478e-06
2.1109999579493888e-06
3.7089998841111083e-06
4.831999831367284e-06
3.136000032100128e-06
2.581999979156535e-06
5.313999736245023e-06
4.9629998102318496e-06
4.345999968791148e-06
3.3540000003995374e-06
5.799000064143911e-06
1.9869999050570186e-06
5.877999683434609e-06
4.86899989482481e-06
6.129999746917747e-06
5.052000233263243e-06
4.2010001379821915e-06
5.6230001064250246e-06
5.749000138166593e-06
4.07900006393902e-06
5.56800023332471e-06
2.1529999685299117e-06
7.689000085520092e-06
4.578999778459547e-06
5.002999841963174e-06
5.026000053476309e-06
5.6890003179432824e-06
4.242000159138115e-06
6.123999810370151e-06
7.788999937474728e-06
4.5080000745656434e-06
5.834000148752239e-06
5.587999567069346e-06
5.332999990059761e-06
8.088999948085984e-06
7.973999800015008e-06
5.328000042936765e-06
6.008999662299175e-06
5.2189998314133845e-06
2.190000031987438e-06
3.4270001378899906e-06
4.812000042875297e-06
4.815000011149095e-06
4.036000063933898e-06
3.549000211933162e-06
4.2250003389199264e-06
5.572999725700356e-06
5.05700018038624e-06
3.9990000004763715e-06
4.923000233247876e-06
5.517999852600042e-06
7.73900001149741e-06
8.069000159593998e-06
7.795999863446923e-06
8.370000159629853e-06
7.109999842214165e-06
9.727999895403627e-06
1.8700002328841947e-06
7.70799988458748e-06
2.31100011660601e-06
8.039000022108667e-06
6.350999683490954e-06
3.772000127355568e-06
4.790000275534112e-06
5.284000053507043e-06
3.716999799507903e-06
2.9259999791975133e-06
9.296999905927805e-06
6.545999895024579e-06
6.9359998633444775e-06
6.735999704687856e-06
6.815999768150505e-06
6.24999984211172e-06
5.237999630480772e-06
5.08699986312422e-06
3.9450001168006565e-06
2.710999979171902e-06
7.3729997893678956e-06
3.4180002330685966e-06
5.70800011701067e-06
2.0679999579442665e-06
1.8550003915152047e-06
5.845000032422831e-06
5.5079999583540484e-06
4.900000021734741e-06
5.564000275626313e-06
4.3179998101550154e-06
5.28800001120544e-06
5.92399965171353e-06
3.8090001908130944e-06
8.586000149080064e-06
5.647999842040008e-06
2.803999905154342e-06
2.370999936829321e-06
6.940999810467474e-06
7.707000349910231e-06
9.161999969364842e-06
6.5259996517852414e-06
5.7130000641336665e-06
5.868999778613215e-06
5.372000032366486e-06
3.077999735978665e-06
8.20500008558156e-06
2.3049997253110632e-06
1.75300010596402e-06
5.421999958343804e-06
7.342000117205316e-06
5.8939999689755496e-06
4.723000074591255e-06
5.282000074657844e-06
5.557999884331366e-06
5.6140002016036306e-06
4.187000286037801e-06
5.788999715150567e-06
5.602999863185687e-06
2.515000232961029e-06
2.031000349234091e-06
5.813999905512901e-06
7.81800008553546e-06
5.272000180411851e-06
5.984000381431542e-06
5.357999725674745e-06
5.382999916037079e-06
5.154000064067077e-06
8.139999863487901e-06
4.566999905364355e-06
7.21200012776535e-06
2.391999714745907e-06
8.210000032704556e-06
4.851000085182022e-06
5.423000402515754e-06
8.11200015959912e-06
7.787999948050128e-06
4.843000169785228e-06
5.623999641102273e-06
4.2699998630268965e-06
5.36700008524349e-06
5.654000233334955e-06
5.336999947758159e-06
5.547000000660773e-06
5.914000212214887e-06
5.687999873771332e-06
4.567000360111706e-06
5.5229997997230384e-06
5.718000011256663e-06
5.533000148716383e-06
5.583999609370949e-06
5.498000064108055e-06
3.869000011036405e-06
5.020000116928713e-06
5.714000053558266e-06
5.314000190992374e-06
5.779000275651924e-06
5.30299985257443e-06
2.722999852267094e-06
2.570000106061343e-06
5.3940002544550225e-06
5.512999905477045e-06
7.128000106604304e-06
7.385999651887687e-06
6.860999747004826e-06
4.842999715037877e-06
7.97300026533776e-06
7.532999916293193e-06
5.763999979535583e-06
5.350000265025301e-06
4.631000138033414e-06
5.7190000006812625e-06
4.9450000005890615e-06
1.9200001588615123e-06
5.261000296741258e-06
4.756000180350384e-06
2.702000074350508e-06
4.137999894737732e-06
5.853999937244225e-06
5.890000011277152e-06
5.387999863160076e-06
5.4330002967617474e-06
5.59799991606269e-06
6.074000339140184e-06
4.980000085197389e-06
6.230000053619733e-06
5.563999820878962e-06
5.638999937218614e-06
2.409999979136046e-06
3.5030002436542418e-06
7.1589997787668835e-06
5.6590001804579515e-06
8.290999630844453e-06
4.569999987324991e-06
5.103000034978322e-06
5.877000035070523e-06
5.706000024474633e-06
5.619999910777551e-06
5.897000050936185e-06
7.43299995065172e-06
6.155000050966919e-06
5.521999923985277e-06
7.954000011523021e-06
4.799000180355506e-06
5.0429000111762434e-05
5.422999947768403e-06
5.8880000324279536e-06
8.615999831818044e-06
4.851000085182022e-06
5.808999958389904e-06
7.715999799984274e-06
5.180999778531259e-06
6.538999969052384e-06
9.568000223225681e-06
5.8939999689755496e-06
7.5960001595376525e-06
5.963999683444854e-06
5.778000286227325e-06
7.1859999479784165e-06
5.978999979561195e-06
5.0079997890861705e-06
5.844000042998232e-06
5.694000265066279e-06
2.9689999792026356e-06
4.999000339012127e-06
5.658000191033352e-06
4.526999873633031e-06
4.330000137997558e-06
7.217000074888347e-06
7.6139999691804405e-06
5.543000042962376e-06
2.5630001800891478e-06
2.1109999579493888e-06
3.7089998841111083e-06
4.831999831367284e-06
3.136000032100128e-06
2.581999979156535e-06
5.313999736245023e-06
4.9629998102318496e-06
4.345999968791148e-06
3.3540000003995374e-06
5.799000064143911e-06
1.9869999050570186e-06
5.877999683434609e-06
4.86899989482481e-06
6.129999746917747e-06
5.052000233263243e-06
4.2010001379821915e-06
5.6230001064250246e-06
5.749000138166593e-06
4.07900006393902e-06
5.56800023332471e-06
2.1529999685299117e-06
7.689000085520092e-06
4.578999778459547e-06
5.002999841963174e-06
5.026000053476309e-06
5.6890003179432824e-06
4.242000159138115e-06
6.123999810370151e-06
7.788999937474728e-06
4.5080000745656434e-06
5.834000148752239e-06
5.587999567069346e-06
5.332999990059761e-06
8.088999948085984e-06
7.973999800015008e-06
5.328000042936765e-06
6.008999662299175e-06
5.2189998314133845e-06
2.190000031987438e-06
3.4270001378899906e-06
4.812000042875297e-06
4.815000011149095e-06
4.036000063933898e-06
3.549000211933162e-06
4.2250003389199264e-06
5.572999725700356e-06
5.05700018038624e-06
3.9990000004763715e-06
4.1667000004963484e-05
4.923000233247876e-06
5.517999852600042e-06
7.73900001149741e-06
8.069000159593998e-06
1.014400004351046e-05
7.795999863446923e-06
8.370000159629853e-06
7.109999842214165e-06
9.727999895403627e-06
1.8700002328841947e-06
7.70799988458748e-06
2.31100011660601e-06
8.039000022108667e-06
6.350999683490954e-06
3.772000127355568e-06
4.790000275534112e-06
5.284000053507043e-06
3.716999799507903e-06
2.9259999791975133e-06
9.296999905927805e-06
6.545999895024579e-06
6.9359998633444775e-06
6.735999704687856e-06
6.815999768150505e-06
6.24999984211172e-06
5.237999630480772e-06
5.08699986312422e-06
3.9450001168006565e-06
2.710999979171902e-06
7.3729997893678956e-06
3.4180002330685966e-06
5.70800011701067e-06
2.0679999579442665e-06
1.8550003915152047e-06
5.845000032422831e-06
5.5079999583540484e-06
4.900000021734741e-06
5.564000275626313e-06
4.3179998101550154e-06
5.28800001120544e-06
5.92399965171353e-06
3.8090001908130944e-06
8.586000149080064e-06
5.647999842040008e-06
2.803999905154342e-06
2.370999936829321e-06
6.940999810467474e-06
7.707000349910231e-06
9.161999969364842e-06
6.5259996517852414e-06
5.7130000641336665e-06
5.868999778613215e-06
1.6762000086600892e-05
5.372000032366486e-06
3.077999735978665e-06
8.20500008558156e-06
2.3049997253110632e-06
1.75300010596402e-06
5.421999958343804e-06
7.342000117205316e-06
5.8939999689755496e-06
4.723000074591255e-06
5.282000074657844e-06
5.557999884331366e-06
5.6140002016036306e-06
4.187000286037801e-06
5.788999715150567e-06
5.602999863185687e-06
2.515000232961029e-06
2.031000349234091e-06
5.813999905512901e-06
7.81800008553546e-06
1.0095000106957741e-05
5.272000180411851e-06
5.984000381431542e-06
5.357999725674745e-06
5.382999916037079e-06
5.154000064067077e-06
8.139999863487901e-06
4.566999905364355e-06
7.21200012776535e-06
2.391999714745907e-06
8.210000032704556e-06
4.851000085182022e-06
5.423000402515754e-06
8.11200015959912e-06
7.787999948050128e-06
4.843000169785228e-06
5.623999641102273e-06
4.2699998630268965e-06
5.36700008524349e-06
5.654000233334955e-06
5.336999947758159e-06
5.547000000660773e-06
5.914000212214887e-06
5.687999873771332e-06
4.567000360111706e-06
5.5229997997230384e-06
5.718000011256663e-06
5.533000148716383e-06
5.583999609370949e-06
5.498000064108055e-06
3.869000011036405e-06
5.020000116928713e-06
5.714000053558266e-06
5.314000190992374e-06
5.779000275651924e-06
5.30299985257443e-06
2.722999852267094e-06
2.570000106061343e-06
5.3940002544550225e-06
5.512999905477045e-06
7.128000106604304e-06
7.385999651887687e-06
6.860999747004826e-06
4.842999715037877e-06
7.97300026533776e-06
7.532999916293193e-06
5.763999979535583e-06
5.350000265025301e-06
4.631000138033414e-06
5.7190000006812625e-06
4.9450000005890615e-06
1.9200001588615123e-06
5.261000296741258e-06
4.756000180350384e-06
2.702000074350508e-06
4.137999894737732e-06
5.853999937244225e-06
5.890000011277152e-06
5.387999863160076e-06
5.4330002967617474e-06
5.59799991606269e-06
6.074000339140184e-06
4.980000085197389e-06
6.230000053619733e-06
5.563999820878962e-06
5.638999937218614e-06
2.409999979136046e-06
3.5030002436542418e-06
7.1589997787668835e-06
5.6590001804579515e-06
8.290999630844453e-06
